0 0.3475 0.19 0.215 0.23
0 0.4975 0.6525 0.215 0.225
0 0.5775 0.19 0.215 0.23
0 0.1925 0.19 0.215 0.23
0 0.1925 0.42 0.215 0.23
0 0.73 0.265 0.22 0.23
0 0.4975 0.805 0.215 0.23
0 0.73 0.115 0.21 0.23
0 0.4225 0.73 0.215 0.23
0 0.345 0.65 0.22 0.23
0 0.1925 0.65 0.215 0.23
0 0.2675 0.265 0.215 0.23
0 0.27 0.115 0.21 0.23
0 0.1925 0.805 0.215 0.23
0 0.345 0.4975 0.22 0.235
0 0.5775 0.5 0.215 0.23
0 0.4225 0.1125 0.215 0.225
0 0.2675 0.575 0.215 0.23
0 0.2675 0.73 0.215 0.23
0 0.5775 0.345 0.215 0.23
0 0.345 0.345 0.22 0.23
0 0.115 0.2675 0.21 0.235
0 0.345 0.8825 0.21 0.225
0 0.115 0.8825 0.21 0.225
0 0.115 0.115 0.21 0.23
0 0.115 0.73 0.21 0.23
0 0.115 0.4975 0.21 0.235
