0 0.805 0.5775 0.2 0.225
0 0.1125 0.6525 0.205 0.225
0 0.65 0.805 0.19 0.25
0 0.5775 0.8025 0.185 0.235
0 0.4225 0.1925 0.215 0.225
0 0.73 0.1925 0.2 0.225
0 0.65 0.495 0.19 0.23
0 0.345 0.265 0.2 0.24
0 0.8825 0.115 0.195 0.23
0 0.27 0.49 0.19 0.24
0 0.1925 0.88 0.205 0.23
0 0.805 0.425 0.2 0.23
0 0.19 0.2675 0.2 0.245
0 0.115 0.19 0.22 0.23
0 0.8025 0.27 0.205 0.23
0 0.345 0.115 0.22 0.23
0 0.1925 0.42 0.205 0.24
0 0.8025 0.115 0.205 0.23
0 0.1125 0.805 0.215 0.24
0 0.2675 0.2675 0.205 0.245
0 0.805 0.8075 0.2 0.235
0 0.4975 0.115 0.215 0.23
0 0.1125 0.42 0.205 0.24
0 0.19 0.115 0.22 0.23
