0 0.3475 0.9225 0.185 0.155
0 0.3425 0.5775 0.175 0.225
0 0.8075 0.19 0.215 0.23
0 0.345 0.115 0.21 0.23
0 0.805 0.4975 0.21 0.235
0 0.58 0.885 0.2 0.22
0 0.8075 0.73 0.205 0.23
0 0.73 0.8075 0.21 0.225
0 0.5025 0.6575 0.195 0.215
0 0.6525 0.425 0.205 0.23
0 0.58 0.655 0.2 0.21
0 0.1925 0.2725 0.205 0.215
0 0.8825 0.6525 0.205 0.235
0 0.73 0.5775 0.21 0.225
0 0.42 0.5 0.19 0.23
0 0.5 0.8875 0.2 0.215
0 0.73 0.345 0.21 0.23
0 0.5775 0.115 0.205 0.23
0 0.115 0.115 0.21 0.23
0 0.5 0.3475 0.21 0.215
0 0.27 0.195 0.2 0.22
0 0.5025 0.195 0.205 0.22
0 0.4225 0.7325 0.205 0.225
0 0.5025 0.5025 0.195 0.215
0 0.4225 0.8875 0.195 0.225
0 0.115 0.2725 0.2 0.215
0 0.4225 0.1925 0.205 0.225
0 0.655 0.2725 0.2 0.225
0 0.5775 0.3475 0.205 0.225
0 0.5775 0.5 0.205 0.22
0 0.7325 0.115 0.215 0.23
