0 0.81 0.81 0.23 0.23
0 0.19 0.885 0.23 0.23
0 0.3475 0.5025 0.205 0.235
0 0.5775 0.2725 0.175 0.225
0 0.1925 0.5 0.205 0.21
0 0.655 0.8075 0.23 0.235
0 0.5775 0.885 0.235 0.23
0 0.345 0.1175 0.21 0.235
0 0.5025 0.115 0.195 0.23
0 0.195 0.7325 0.21 0.225
0 0.8075 0.1125 0.185 0.215
0 0.2675 0.73 0.195 0.22
0 0.6525 0.655 0.215 0.23
0 0.4225 0.8875 0.235 0.225
0 0.575 0.115 0.2 0.21
0 0.2725 0.4975 0.205 0.225
0 0.7325 0.5825 0.195 0.235
0 0.1175 0.1925 0.205 0.215
0 0.0675 0.1175 0.135 0.215
0 0.345 0.8075 0.22 0.235
0 0.81 0.655 0.22 0.23
0 0.115 0.5775 0.21 0.215
0 0.7325 0.885 0.235 0.23
0 0.2725 0.1925 0.195 0.225
0 0.115 0.115 0.22 0.22
0 0.115 0.81 0.22 0.23
0 0.4975 0.58 0.205 0.23
0 0.575 0.7325 0.22 0.225
0 0.07 0.27 0.14 0.2
0 0.8125 0.2675 0.185 0.215
0 0.7325 0.7325 0.235 0.225
0 0.3475 0.27 0.195 0.24
