0 0.3625 0.55 0.145 0.16
0 0.21 0.48 0.33 0.35
0 0.735 0.365 0.14 0.16
0 0.0775 0.3575 0.145 0.305
0 0.1175 0.1 0.225 0.2
0 0.43 0.3525 0.38 0.275
0 0.04 0.5725 0.07 0.175
0 0.42 0.835 0.15 0.16
0 0.2875 0.8475 0.165 0.185
0 0.17 0.705 0.08 0.11
0 0.0825 0.68 0.135 0.14
0 0.2375 0.7775 0.095 0.095
0 0.255 0.67 0.11 0.17
0 0.3575 0.68 0.105 0.15
0 0.9175 0.285 0.165 0.31
0 0.455 0.5225 0.08 0.105
0 0.6075 0.8425 0.115 0.135
0 0.82 0.4625 0.28 0.245
0 0.6825 0.9075 0.205 0.165
0 0.57 0.67 0.32 0.25
0 0.945 0.6075 0.11 0.365
0 0.8225 0.76 0.245 0.19
0 0.9075 0.9 0.185 0.18
0 0.55 0.1075 0.21 0.215
0 0.7025 0.135 0.185 0.26
0 0.815 0.2825 0.11 0.145
0 0.61 0.505 0.13 0.15
0 0.3175 0.1075 0.245 0.215
0 0.5875 0.385 0.125 0.15
