0 0.9 0.3575 0.2 0.245
0 0.6775 0.4 0.295 0.31
0 0.7025 0.555 0.155 0.19
0 0.9725 0.57 0.055 0.19
0 0.935 0.7375 0.13 0.225
0 0.825 0.8075 0.1 0.115
0 0.7375 0.125 0.265 0.25
0 0.93 0.1925 0.14 0.205
0 0.3125 0.2975 0.585 0.595
0 0.3925 0.155 0.195 0.16
0 0.32 0.34 0.26 0.28
0 0.0825 0.1925 0.125 0.115
0 0.36 0.8025 0.14 0.095
0 0.5325 0.87 0.265 0.23
0 0.2275 0.215 0.185 0.22
0 0.42 0.6175 0.39 0.335
0 0.1 0.6575 0.16 0.185
0 0.1125 0.755 0.185 0.23
0 0.6 0.2125 0.27 0.215
0 0.6825 0.88 0.245 0.21
0 0.775 0.615 0.31 0.32
