0 0.755 0.3 0.09 0.12
0 0.215 0.0875 0.29 0.175
0 0.5925 0.3625 0.235 0.325
0 0.72 0.455 0.14 0.16
0 0.855 0.17 0.26 0.25
0 0.7425 0.075 0.205 0.15
0 0.0475 0.1075 0.095 0.215
0 0.125 0.105 0.16 0.19
0 0.555 0.1525 0.27 0.215
0 0.1225 0.325 0.225 0.19
0 0.4875 0.0775 0.255 0.155
0 0.2725 0.4625 0.325 0.565
0 0.9 0.4075 0.2 0.215
0 0.635 0.6625 0.12 0.265
0 0.825 0.6025 0.12 0.225
0 0.935 0.6075 0.13 0.185
0 0.9175 0.8925 0.165 0.195
0 0.9325 0.75 0.135 0.1
0 0.5075 0.64 0.145 0.29
0 0.325 0.8675 0.49 0.235
0 0.1475 0.585 0.295 0.4
0 0.73 0.8125 0.2 0.335
