0 0.0975 0.035 0.175 0.07
0 0.8775 0.1675 0.165 0.185
0 0.1875 0.0725 0.115 0.145
0 0.3125 0.085 0.145 0.14
0 0.505 0.6 0.24 0.13
0 0.5475 0.7675 0.275 0.195
0 0.33 0.7775 0.14 0.145
0 0.395 0.2725 0.25 0.225
0 0.595 0.3575 0.18 0.185
0 0.79 0.555 0.14 0.07
0 0.2125 0.5225 0.295 0.335
0 0.0725 0.2675 0.135 0.175
0 0.6725 0.9425 0.155 0.115
0 0.8675 0.9275 0.175 0.135
0 0.09 0.6425 0.18 0.235
0 0.4625 0.935 0.215 0.13
0 0.8675 0.4625 0.115 0.105
0 0.7425 0.41 0.105 0.14
0 0.5475 0.46 0.205 0.11
0 0.81 0.0025 0.17 0.005
0 0.9525 0.035 0.065 0.07
0 0.4675 0.055 0.125 0.11
