0 0.5775 0.5725 0.235 0.275
0 0.4975 0.565 0.225 0.15
0 0.4175 0.505 0.195 0.21
0 0.34 0.5775 0.27 0.275
0 0.575 0.65 0.16 0.22
0 0.495 0.4325 0.24 0.185
0 0.65 0.42 0.25 0.22
0 0.3475 0.7325 0.245 0.235
0 0.4975 0.73 0.235 0.2
0 0.6525 0.075 0.195 0.15
0 0.6475 0.7275 0.245 0.245
0 0.65 0.2675 0.24 0.235
0 0.075 0.5 0.15 0.22
0 0.7325 0.07 0.205 0.14
0 0.19 0.57 0.21 0.23
0 0.805 0.3475 0.23 0.205
0 0.3475 0.9275 0.195 0.145
0 0.7275 0.655 0.245 0.22
0 0.5 0.885 0.23 0.22
0 0.6525 0.8875 0.235 0.215
0 0.8075 0.5 0.225 0.2
0 0.07 0.07 0.14 0.14
0 0.9225 0.805 0.155 0.22
0 0.8075 0.7325 0.225 0.195
0 0.4175 0.8025 0.185 0.225
0 0.2675 0.92 0.215 0.16
0 0.5725 0.49 0.205 0.24
0 0.27 0.0725 0.21 0.145
0 0.58 0.07 0.21 0.14
0 0.5775 0.3475 0.205 0.225
0 0.9325 0.07 0.135 0.14
0 0.1175 0.0725 0.205 0.145
0 0.425 0.0725 0.21 0.145
0 0.4225 0.345 0.205 0.23
0 0.93 0.5025 0.14 0.215
0 0.425 0.9225 0.19 0.155
0 0.93 0.885 0.14 0.22
0 0.07 0.1925 0.14 0.215
0 0.3475 0.6475 0.185 0.255
0 0.3425 0.4225 0.205 0.235
0 0.65 0.6525 0.19 0.245
0 0.5 0.805 0.18 0.24
0 0.93 0.3475 0.14 0.215
0 0.8825 0.7325 0.205 0.225
0 0.93 0.655 0.14 0.22
0 0.8825 0.4225 0.205 0.225
0 0.81 0.925 0.2 0.15
0 0.0675 0.575 0.135 0.21
0 0.0675 0.73 0.135 0.21
0 0.6525 0.19 0.205 0.24
0 0.5775 0.9225 0.195 0.155
0 0.8825 0.5775 0.195 0.225
0 0.8825 0.27 0.205 0.22
0 0.6525 0.925 0.195 0.15
0 0.7325 0.9225 0.205 0.155
0 0.6525 0.34 0.185 0.24
0 0.7275 0.805 0.205 0.25
0 0.07 0.345 0.14 0.21
0 0.73 0.575 0.2 0.25
0 0.07 0.8825 0.14 0.215
0 0.5025 0.9225 0.195 0.155
0 0.2725 0.805 0.205 0.24
0 0.3475 0.7975 0.175 0.245
0 0.93 0.115 0.14 0.21
0 0.73 0.4225 0.2 0.245
0 0.8825 0.8875 0.205 0.225
0 0.5725 0.1925 0.215 0.225
0 0.1125 0.925 0.205 0.15
0 0.5 0.2675 0.2 0.245
0 0.2725 0.645 0.205 0.25
0 0.1925 0.725 0.205 0.24
0 0.805 0.5775 0.2 0.225
0 0.1125 0.6525 0.205 0.225
0 0.65 0.805 0.19 0.25
0 0.5775 0.8025 0.185 0.235
0 0.4225 0.1925 0.215 0.225
0 0.73 0.1925 0.2 0.225
0 0.65 0.495 0.19 0.23
0 0.345 0.265 0.2 0.24
0 0.8825 0.115 0.195 0.23
0 0.27 0.49 0.19 0.24
0 0.1925 0.88 0.205 0.23
0 0.805 0.425 0.2 0.23
0 0.19 0.2675 0.2 0.245
0 0.115 0.19 0.22 0.23
0 0.8025 0.27 0.205 0.23
0 0.345 0.115 0.22 0.23
0 0.1925 0.42 0.205 0.24
0 0.8025 0.115 0.205 0.23
0 0.1125 0.805 0.215 0.24
0 0.2675 0.2675 0.205 0.245
0 0.805 0.8075 0.2 0.235
0 0.4975 0.115 0.215 0.23
0 0.1125 0.42 0.205 0.24
0 0.19 0.115 0.22 0.23
