0 0.435 0.5 0.21 0.15
0 0.08 0.3425 0.16 0.225
0 0.075 0.2075 0.15 0.235
0 0.24 0.3675 0.17 0.385
0 0.1325 0.36 0.145 0.23
0 0.1325 0.185 0.265 0.14
0 0.33 0.36 0.09 0.11
0 0.125 0.1175 0.25 0.215
0 0.4975 0.3 0.125 0.21
0 0.2575 0.15 0.495 0.16
0 0.5075 0.34 0.215 0.22
0 0.5 0.07 0.2 0.14
0 0.735 0.27 0.2 0.25
0 0.2675 0.075 0.175 0.15
0 0.335 0.07 0.15 0.14
0 0.8 0.5025 0.18 0.185
0 0.35 0.49 0.2 0.19
0 0.585 0.1275 0.17 0.255
0 0.8125 0.4225 0.195 0.165
0 0.5775 0.265 0.215 0.28
0 0.075 0.08 0.15 0.16
0 0.725 0.425 0.26 0.23
0 0.575 0.0775 0.21 0.155
0 0.275 0.49 0.21 0.21
0 0.6575 0.0775 0.225 0.155
0 0.885 0.4975 0.21 0.205
0 0.9275 0.065 0.145 0.13
0 0.805 0.34 0.19 0.19
0 0.5075 0.5 0.225 0.2
0 0.195 0.0825 0.16 0.165
0 0.2 0.2 0.21 0.24
0 0.1225 0.4975 0.205 0.205
0 0.0775 0.5 0.155 0.25
0 0.8075 0.92 0.215 0.16
0 0.195 0.495 0.2 0.24
0 0.575 0.7325 0.26 0.215
0 0.4275 0.575 0.225 0.2
0 0.575 0.42 0.19 0.25
0 0.73 0.345 0.24 0.21
0 0.735 0.11 0.25 0.21
0 0.4225 0.93 0.205 0.14
0 0.655 0.92 0.21 0.16
0 0.0675 0.9275 0.135 0.145
0 0.9325 0.9325 0.135 0.135
0 0.07 0.885 0.14 0.21
0 0.93 0.6525 0.14 0.215
0 0.6575 0.1875 0.215 0.245
0 0.93 0.8875 0.14 0.205
0 0.655 0.6475 0.2 0.215
0 0.5775 0.5725 0.215 0.225
0 0.425 0.7225 0.23 0.215
0 0.81 0.065 0.23 0.13
0 0.5 0.9275 0.2 0.145
0 0.42 0.2975 0.16 0.085
0 0.35 0.4 0.24 0.2
0 0.27 0.925 0.21 0.15
0 0.07 0.6475 0.14 0.215
0 0.81 0.645 0.2 0.23
0 0.5025 0.65 0.195 0.2
0 0.4225 0.65 0.195 0.21
0 0.3475 0.65 0.185 0.21
0 0.115 0.9225 0.21 0.155
0 0.425 0.805 0.21 0.21
0 0.93 0.4225 0.14 0.215
0 0.2675 0.7225 0.235 0.225
0 0.575 0.65 0.19 0.21
0 0.925 0.7325 0.15 0.215
0 0.89 0.5775 0.19 0.225
0 0.73 0.58 0.22 0.21
0 0.2675 0.65 0.195 0.21
0 0.12 0.7225 0.24 0.225
0 0.3475 0.8875 0.215 0.215
0 0.195 0.5775 0.23 0.225
0 0.1925 0.65 0.185 0.21
0 0.6575 0.8025 0.215 0.225
0 0.8875 0.115 0.205 0.22
0 0.73 0.925 0.21 0.15
0 0.19 0.885 0.23 0.23
0 0.885 0.885 0.22 0.23
0 0.12 0.65 0.19 0.21
0 0.3475 0.575 0.205 0.22
0 0.9275 0.1925 0.145 0.225
0 0.8075 0.1875 0.185 0.225
0 0.27 0.805 0.23 0.22
0 0.1175 0.805 0.225 0.21
0 0.805 0.7275 0.23 0.225
0 0.5775 0.885 0.205 0.23
0 0.655 0.4975 0.24 0.235
0 0.89 0.27 0.21 0.23
0 0.42 0.095 0.19 0.19
0 0.81 0.8075 0.21 0.215
0 0.1925 0.3975 0.385 0.185
0 0.1775 0.3225 0.235 0.335
