0 0.06 0.4975 0.12 0.245
0 0.1425 0.3275 0.285 0.245
0 0.1225 0.6475 0.245 0.155
0 0.4025 0.3025 0.805 0.385
0 0.0825 0.5725 0.165 0.215
0 0.12 0.2075 0.24 0.125
0 0.1025 0.04 0.165 0.08
0 0.2875 0.6 0.575 0.08
0 0.1425 0.12 0.285 0.24
0 0.0825 0.425 0.165 0.17
0 0.415 0.5275 0.23 0.395
0 0.1275 0.57 0.125 0.28
0 0.405 0.4025 0.35 0.315
0 0.9175 0.8425 0.165 0.315
0 0.0725 0.2725 0.145 0.205
0 0.13 0.1225 0.26 0.095
0 0.125 0.7275 0.2 0.145
0 0.945 0.3375 0 0.675
0 0.39 0.24 0.05 0.48
0 0.6275 0.715 0.685 0.57
0 0.07 0.0775 0.14 0.155
0 0.0725 0.12 0.145 0.24
0 0.5375 0.5025 0.905 0.745
0 0.2525 0.445 0.125 0.11
0 0.0675 0.6475 0.135 0.195
0 0.6125 0.92 0.425 0.16
0 0.7025 0.73 0.595 0.54
0 0.2025 0.79 0.215 0.23
0 0.1975 0.09 0.225 0.18
0 0.23 0.2925 0.43 0.255
0 0.2 0.88 0.21 0.24
0 0.8475 0.245 0.095 0.49
0 0.265 0.225 0.53 0.39
0 0.0725 0.7275 0.145 0.205
0 0.0675 0.9325 0.135 0.135
0 0.0725 0.8075 0.145 0.205
0 0.115 0.885 0.23 0.21
0 0.115 0.93 0.2 0.14
0 0.7975 0.235 0.405 0.47
0 0.38 0.165 0.09 0.33
0 0.7075 0.875 0.485 0.25
0 0.2 0.5675 0.31 0.455
0 0.27 0.8675 0.26 0.175
0 0.2225 0.41 0.245 0.15
0 0.3075 0.92 0.295 0.06
0 0.345 0.8925 0.53 0.175
0 0.325 0.0725 0.65 0.145
0 0.385 0.7725 0.38 0.455
0 0.5125 0.9075 0.975 0.185
0 0.255 0.7675 0.37 0.465
0 0.9125 0.93 0.165 0.14
0 0.4425 0.895 0.295 0.21
0 0.5425 0.86 0.185 0.28
0 0.4625 0.2125 0.725 0.425
