0 0.6525 0.26 0.255 0.23
0 0.915 0.7275 0.17 0.255
0 0.7375 0.42 0.205 0.19
0 0.6525 0.42 0.165 0.23
0 0.27 0.655 0.2 0.18
0 0.1875 0.275 0.215 0.18
0 0.2725 0.34 0.225 0.29
0 0.8025 0.19 0.225 0.24
0 0.73 0.1925 0.18 0.185
0 0.575 0.075 0.22 0.15
0 0.8075 0.075 0.215 0.15
0 0.12 0.3425 0.24 0.225
0 0.195 0.65 0.24 0.22
0 0.9325 0.075 0.135 0.15
0 0.73 0.065 0.21 0.13
0 0.655 0.065 0.21 0.13
0 0.1925 0.4225 0.185 0.225
0 0.575 0.505 0.18 0.22
0 0.73 0.1225 0.15 0.185
0 0.6575 0.1875 0.185 0.225
0 0.07 0.065 0.14 0.13
0 0.9325 0.9225 0.135 0.155
0 0.2725 0.07 0.225 0.14
0 0.345 0.92 0.21 0.16
0 0.7275 0.2675 0.185 0.205
0 0.805 0.4975 0.2 0.205
0 0.935 0.6575 0.13 0.205
0 0.6525 0.4975 0.205 0.225
0 0.3475 0.66 0.195 0.2
0 0.1925 0.1925 0.215 0.205
0 0.265 0.5825 0.23 0.175
0 0.81 0.42 0.18 0.21
0 0.8825 0.425 0.195 0.22
0 0.93 0.195 0.14 0.22
0 0.1175 0.425 0.185 0.21
0 0.885 0.7325 0.22 0.205
0 0.3475 0.5825 0.205 0.185
0 0.8875 0.9225 0.195 0.155
0 0.8825 0.2725 0.195 0.215
0 0.0675 0.93 0.135 0.14
0 0.93 0.58 0.14 0.21
0 0.8825 0.1175 0.195 0.225
0 0.93 0.4225 0.14 0.215
0 0.425 0.1125 0.21 0.215
0 0.425 0.1925 0.2 0.215
0 0.115 0.27 0.2 0.2
0 0.5775 0.58 0.205 0.23
0 0.0725 0.8875 0.145 0.215
0 0.0725 0.7325 0.145 0.205
0 0.5 0.9275 0.21 0.145
0 0.1925 0.9275 0.205 0.145
0 0.2675 0.9275 0.205 0.145
0 0.4225 0.5 0.205 0.22
0 0.93 0.5 0.14 0.21
0 0.4975 0.4225 0.205 0.235
0 0.81 0.925 0.21 0.15
0 0.4225 0.7325 0.205 0.235
0 0.4975 0.81 0.225 0.23
0 0.655 0.925 0.22 0.15
0 0.885 0.58 0.21 0.23
0 0.0725 0.655 0.145 0.21
0 0.4975 0.2675 0.205 0.245
0 0.425 0.3475 0.21 0.225
0 0.57 0.35 0.18 0.21
0 0.07 0.5025 0.14 0.215
0 0.1175 0.925 0.205 0.15
0 0.0675 0.3475 0.135 0.205
0 0.195 0.115 0.21 0.21
0 0.81 0.81 0.23 0.23
0 0.19 0.885 0.23 0.23
0 0.3475 0.5025 0.205 0.235
0 0.5775 0.2725 0.175 0.225
0 0.1925 0.5 0.205 0.21
0 0.655 0.8075 0.23 0.235
0 0.5775 0.885 0.235 0.23
0 0.345 0.1175 0.21 0.235
0 0.5025 0.115 0.195 0.23
0 0.195 0.7325 0.21 0.225
0 0.8075 0.1125 0.185 0.215
0 0.2675 0.73 0.195 0.22
0 0.6525 0.655 0.215 0.23
0 0.4225 0.8875 0.235 0.225
0 0.575 0.115 0.2 0.21
0 0.2725 0.4975 0.205 0.225
0 0.7325 0.5825 0.195 0.235
0 0.1175 0.1925 0.205 0.215
0 0.0675 0.1175 0.135 0.215
0 0.345 0.8075 0.22 0.235
0 0.81 0.655 0.22 0.23
0 0.115 0.5775 0.21 0.215
0 0.7325 0.885 0.235 0.23
0 0.2725 0.1925 0.195 0.225
0 0.115 0.115 0.22 0.22
0 0.115 0.81 0.22 0.23
0 0.4975 0.58 0.205 0.23
0 0.575 0.7325 0.22 0.225
0 0.07 0.27 0.14 0.2
0 0.8125 0.2675 0.185 0.215
0 0.7325 0.7325 0.235 0.225
0 0.3475 0.27 0.195 0.24
