0 0.9325 0.055 0.135 0.11 0.101083
0 0.9375 0.655 0.125 0.2 0.101317
0 0.4975 0.9375 0.205 0.125 0.104169
0 0.7275 0.4975 0.245 0.215 0.1042
0 0.5825 0.0625 0.245 0.115 0.106882
0 0.42 0.1875 0.26 0.235 0.107293
0 0.27 0.19 0.25 0.23 0.10905
0 0.6575 0.805 0.235 0.23 0.10947
0 0.275 0.575 0.23 0.23 0.110119
0 0.8825 0.94 0.195 0.12 0.111216
0 0.4975 0.3425 0.255 0.225 0.111714
0 0.2725 0.725 0.235 0.23 0.114437
0 0.9375 0.5 0.125 0.21 0.114654
0 0.805 0.3425 0.26 0.235 0.115033
0 0.8075 0.8075 0.255 0.235 0.115313
0 0.575 0.2675 0.25 0.225 0.116154
0 0.4225 0.575 0.255 0.23 0.116439
0 0.345 0.2675 0.26 0.235 0.117629
0 0.6525 0.1125 0.245 0.225 0.118661
0 0.345 0.42 0.26 0.23 0.119018
0 0.495 0.7275 0.25 0.225 0.119418
0 0.5 0.5 0.25 0.22 0.12243
0 0.4225 0.805 0.255 0.23 0.122775
0 0.6575 0.6525 0.235 0.225 0.123969
0 0.8125 0.19 0.245 0.24 0.12797
0 0.6525 0.42 0.255 0.23 0.129342
0 0.7325 0.27 0.245 0.23 0.134578
0 0.7275 0.7275 0.255 0.235 0.139391
0 0.2675 0.3425 0.255 0.235 0.140079
0 0.12 0.265 0.22 0.24 0.1421
0 0.7275 0.8825 0.245 0.225 0.144739
0 0.345 0.65 0.27 0.27 0.150313
0 0.895 0.5725 0.2 0.225 0.153545
0 0.1175 0.73 0.215 0.23 0.159769
0 0.1175 0.5725 0.215 0.225 0.161243
0 0.5 0.115 0.26 0.23 0.171338
0 0.8875 0.4175 0.225 0.225 0.175522
0 0.5 0.88 0.26 0.23 0.180839
0 0.885 0.7325 0.23 0.215 0.181901
0 0.27 0.8825 0.23 0.215 0.184476
0 0.3475 0.115 0.255 0.23 0.194084
0 0.8825 0.2675 0.235 0.235 0.196034
0 0.1125 0.88 0.215 0.23 0.211928
0 0.1175 0.1175 0.235 0.225 0.224646
0 0.8825 0.88 0.225 0.23 0.22505
0 0.8825 0.1175 0.235 0.225 0.284194
