0 0.1 0.0625 0.2 0.125 0.101806
0 0.505 0.655 0.24 0.23 0.102849
0 0.935 0.4225 0.13 0.215 0.10286
0 0.0975 0.59 0.165 0.2 0.104244
0 0.065 0.81 0.13 0.24 0.104654
0 0.065 0.425 0.13 0.23 0.104705
0 0.9375 0.19 0.125 0.21 0.10657
0 0.5575 0.94 0.205 0.12 0.107759
0 0.9375 0.7325 0.125 0.205 0.10864
0 0.9375 0.5775 0.125 0.205 0.108763
0 0.35 0.06 0.23 0.12 0.1101
0 0.1975 0.0625 0.245 0.125 0.11383
0 0.265 0.1125 0.26 0.225 0.117956
0 0.81 0.1825 0.25 0.235 0.119235
0 0.265 0.495 0.26 0.24 0.11965
0 0.1875 0.5725 0.265 0.245 0.121212
0 0.505 0.12 0.22 0.24 0.121356
0 0.8075 0.73 0.255 0.24 0.127665
0 0.8075 0.58 0.255 0.22 0.130343
0 0.885 0.065 0.23 0.11 0.135473
0 0.5775 0.725 0.235 0.22 0.138776
0 0.8875 0.6525 0.225 0.225 0.139878
0 0.27 0.8025 0.25 0.235 0.147536
0 0.65 0.4225 0.27 0.265 0.149788
0 0.4225 0.3475 0.245 0.225 0.153641
0 0.3425 0.7275 0.265 0.255 0.155401
0 0.58 0.495 0.24 0.24 0.157395
0 0.7325 0.6525 0.245 0.235 0.159557
0 0.19 0.4225 0.29 0.285 0.170582
0 0.1175 0.4975 0.235 0.255 0.171273
0 0.5775 0.2725 0.275 0.265 0.180222
0 0.8825 0.8075 0.235 0.225 0.182132
0 0.1225 0.66 0.235 0.28 0.198583
0 0.58 0.8875 0.23 0.215 0.198908
0 0.125 0.345 0.23 0.25 0.202746
0 0.6575 0.1225 0.245 0.235 0.204573
0 0.125 0.12 0.25 0.24 0.210062
0 0.81 0.885 0.25 0.22 0.210176
0 0.895 0.3375 0.2 0.245 0.215964
0 0.12 0.885 0.22 0.22 0.239276
0 0.88 0.1175 0.24 0.235 0.240793
0 0.89 0.4975 0.21 0.245 0.261638
