0 0.3425 0.2725 0.245 0.225 0.102124
0 0.35 0.115 0.22 0.23 0.103033
0 0.9425 0.8875 0.115 0.175 0.104461
0 0.51 0.73 0.2 0.21 0.105526
0 0.0975 0.3625 0.175 0.195 0.112211
0 0.125 0.06 0.23 0.12 0.112375
0 0.9425 0.425 0.115 0.19 0.122086
0 0.5 0.935 0.19 0.13 0.122906
0 0.7325 0.345 0.225 0.22 0.127708
0 0.335 0.5825 0.21 0.225 0.134246
0 0.9375 0.6525 0.125 0.185 0.134565
0 0.885 0.735 0.23 0.21 0.138698
0 0.3375 0.4275 0.225 0.225 0.1433
0 0.73 0.895 0.26 0.21 0.14428
0 0.94 0.575 0.12 0.2 0.148179
0 0.65 0.81 0.24 0.23 0.149498
0 0.8125 0.8025 0.225 0.235 0.149755
0 0.73 0.935 0.2 0.13 0.151369
0 0.5 0.2675 0.23 0.245 0.158472
0 0.275 0.4975 0.22 0.245 0.158881
0 0.735 0.1925 0.22 0.225 0.164908
0 0.585 0.585 0.25 0.24 0.170112
0 0.9375 0.5 0.125 0.18 0.17154
0 0.27 0.345 0.23 0.24 0.175514
0 0.1925 0.74 0.255 0.23 0.182719
0 0.115 0.12 0.23 0.22 0.186653
0 0.505 0.89 0.23 0.22 0.200143
0 0.1125 0.885 0.225 0.23 0.204773
0 0.1125 0.27 0.225 0.25 0.225346
0 0.2625 0.655 0.245 0.26 0.231138
0 0.4975 0.12 0.235 0.23 0.236272
0 0.8825 0.1225 0.235 0.225 0.240409
