0 0.895 0.5775 0.2 0.245 0.100155
0 0.9375 0.19 0.125 0.2 0.104088
0 0.9375 0.2675 0.125 0.195 0.104742
0 0.73 0.8875 0.22 0.205 0.104923
0 0.9375 0.345 0.125 0.2 0.106381
0 0.9375 0.4225 0.125 0.195 0.108618
0 0.565 0.58 0.24 0.21 0.109108
0 0.57 0.4225 0.25 0.225 0.119808
0 0.94 0.575 0.12 0.19 0.119938
0 0.9375 0.4975 0.125 0.195 0.121451
0 0.8825 0.265 0.235 0.24 0.126571
0 0.5025 0.81 0.255 0.25 0.131823
0 0.8925 0.7325 0.205 0.235 0.13293
0 0.1125 0.115 0.225 0.21 0.134178
0 0.89 0.42 0.22 0.24 0.138573
0 0.7375 0.7275 0.205 0.235 0.143137
0 0.425 0.4325 0.28 0.295 0.147165
0 0.735 0.345 0.25 0.23 0.148865
0 0.505 0.19 0.23 0.24 0.157745
0 0.81 0.1925 0.28 0.285 0.158652
0 0.5 0.5 0.25 0.24 0.16076
0 0.11 0.425 0.22 0.22 0.161256
0 0.7425 0.1175 0.215 0.235 0.164504
0 0.4225 0.655 0.245 0.23 0.165348
0 0.3525 0.5 0.235 0.24 0.166177
0 0.425 0.8825 0.25 0.235 0.186795
0 0.42 0.1175 0.24 0.225 0.198549
0 0.5025 0.35 0.265 0.28 0.209629
0 0.5725 0.885 0.245 0.23 0.220994
0 0.8825 0.12 0.235 0.24 0.232067
0 0.185 0.2675 0.26 0.265 0.252697
