0 0.9375 0.055 0.125 0.1 0.100927
0 0.065 0.27 0.12 0.24 0.102872
0 0.9375 0.8825 0.125 0.205 0.103064
0 0.1975 0.0625 0.245 0.115 0.103082
0 0.19 0.9375 0.21 0.125 0.103182
0 0.8075 0.8025 0.245 0.245 0.103762
0 0.7325 0.575 0.245 0.23 0.104487
0 0.8825 0.9425 0.195 0.115 0.104772
0 0.0625 0.425 0.125 0.24 0.105702
0 0.9375 0.5775 0.125 0.205 0.10731
0 0.7325 0.725 0.245 0.23 0.107866
0 0.345 0.9375 0.21 0.125 0.108523
0 0.0625 0.5775 0.125 0.245 0.108865
0 0.425 0.5725 0.25 0.235 0.109215
0 0.4275 0.73 0.235 0.23 0.109574
0 0.1925 0.655 0.255 0.23 0.111961
0 0.2675 0.89 0.245 0.22 0.112601
0 0.575 0.5725 0.25 0.225 0.112766
0 0.345 0.19 0.25 0.23 0.114008
0 0.2675 0.5775 0.245 0.225 0.116102
0 0.19 0.1875 0.25 0.235 0.116141
0 0.4975 0.65 0.255 0.23 0.116724
0 0.4225 0.115 0.255 0.23 0.118417
0 0.9375 0.345 0.125 0.21 0.120624
0 0.4225 0.27 0.255 0.23 0.121406
0 0.9375 0.1925 0.125 0.205 0.122583
0 0.73 0.2625 0.24 0.235 0.122801
0 0.425 0.42 0.25 0.24 0.127572
0 0.4975 0.8075 0.255 0.245 0.131885
0 0.575 0.42 0.25 0.23 0.133268
0 0.5 0.4975 0.26 0.235 0.135217
0 0.89 0.115 0.22 0.23 0.138746
0 0.3475 0.3425 0.245 0.235 0.142419
0 0.8075 0.6525 0.255 0.235 0.145091
0 0.885 0.2675 0.23 0.215 0.149903
0 0.73 0.115 0.24 0.22 0.164911
0 0.885 0.5 0.23 0.22 0.16687
0 0.1175 0.5025 0.235 0.275 0.172055
0 0.1175 0.7275 0.235 0.245 0.172718
0 0.2675 0.1175 0.255 0.225 0.173352
0 0.575 0.115 0.25 0.22 0.177224
0 0.8825 0.7275 0.235 0.225 0.179636
0 0.655 0.88 0.26 0.22 0.182607
0 0.12 0.3475 0.23 0.275 0.196048
0 0.12 0.1175 0.24 0.235 0.196386
0 0.885 0.88 0.22 0.23 0.197765
0 0.425 0.8825 0.25 0.215 0.205069
0 0.12 0.8775 0.21 0.235 0.239855
