0 0.9375 0.8125 0.125 0.195 0.100758
0 0.265 0.575 0.24 0.22 0.101773
0 0.19 0.805 0.25 0.23 0.102962
0 0.0625 0.275 0.115 0.23 0.104582
0 0.4275 0.42 0.225 0.22 0.10558
0 0.94 0.5775 0.12 0.185 0.10624
0 0.43 0.58 0.22 0.21 0.106463
0 0.89 0.3475 0.22 0.225 0.107582
0 0.94 0.2675 0.12 0.195 0.109644
0 0.81 0.575 0.24 0.23 0.113941
0 0.8875 0.5 0.225 0.22 0.115789
0 0.3475 0.2675 0.245 0.235 0.121969
0 0.9375 0.1925 0.125 0.205 0.1225
0 0.9375 0.42 0.125 0.21 0.126939
0 0.8075 0.805 0.255 0.24 0.127742
0 0.5775 0.5775 0.245 0.215 0.128655
0 0.6575 0.2625 0.235 0.225 0.130457
0 0.1925 0.5 0.255 0.24 0.134615
0 0.7325 0.42 0.235 0.23 0.135058
0 0.2675 0.42 0.245 0.23 0.137889
0 0.7325 0.7275 0.245 0.235 0.140172
0 0.4175 0.1875 0.235 0.225 0.144027
0 0.7325 0.19 0.235 0.23 0.154282
0 0.3475 0.8875 0.225 0.205 0.157183
0 0.12 0.88 0.2 0.24 0.17204
0 0.1175 0.6525 0.235 0.245 0.173018
0 0.89 0.115 0.22 0.23 0.183024
0 0.1175 0.3475 0.235 0.265 0.193288
0 0.66 0.885 0.25 0.21 0.202082
0 0.8825 0.8775 0.215 0.225 0.236986
