0 0.65 0.6525 0.25 0.235 0.100341
0 0.8125 0.0625 0.245 0.125 0.101226
0 0.1975 0.0625 0.235 0.115 0.101946
0 0.2675 0.19 0.245 0.23 0.102735
0 0.1175 0.9375 0.195 0.125 0.102792
0 0.6625 0.06 0.235 0.12 0.107934
0 0.7325 0.81 0.255 0.24 0.110465
0 0.345 0.5025 0.26 0.245 0.110619
0 0.365 0.93 0.22 0.14 0.111419
0 0.065 0.8825 0.12 0.235 0.113825
0 0.885 0.94 0.2 0.12 0.114505
0 0.89 0.6525 0.22 0.255 0.11504
0 0.345 0.73 0.26 0.24 0.122619
0 0.4925 0.7325 0.265 0.245 0.124673
0 0.2675 0.5725 0.255 0.245 0.125865
0 0.495 0.5 0.26 0.24 0.12927
0 0.885 0.2625 0.23 0.235 0.13616
0 0.81 0.73 0.25 0.23 0.137093
0 0.195 0.345 0.25 0.24 0.139297
0 0.2675 0.805 0.295 0.29 0.139502
0 0.12 0.265 0.22 0.24 0.142572
0 0.19 0.65 0.3 0.28 0.143596
0 0.495 0.8775 0.28 0.245 0.143792
0 0.4175 0.19 0.255 0.25 0.14643
0 0.4175 0.8025 0.305 0.295 0.151803
0 0.265 0.42 0.29 0.28 0.15361
0 0.3475 0.1175 0.245 0.235 0.157634
0 0.735 0.115 0.25 0.23 0.15954
0 0.81 0.1825 0.24 0.265 0.164074
0 0.65 0.885 0.25 0.23 0.180258
0 0.89 0.495 0.2 0.25 0.182638
0 0.1175 0.115 0.235 0.23 0.184635
0 0.885 0.8825 0.23 0.225 0.190954
0 0.1925 0.5 0.275 0.27 0.191779
0 0.1175 0.7225 0.235 0.255 0.192186
0 0.4975 0.265 0.285 0.26 0.20029
0 0.42 0.5675 0.29 0.275 0.208073
0 0.4225 0.34 0.255 0.25 0.218205
0 0.12 0.5775 0.24 0.275 0.218781
0 0.345 0.875 0.28 0.24 0.219217
0 0.19 0.8775 0.26 0.225 0.242199
0 0.8775 0.115 0.245 0.23 0.261856
