0 0.735 0.8875 0.22 0.225 0.100275
0 0.9375 0.9425 0.125 0.115 0.100912
0 0.43 0.0625 0.24 0.125 0.102835
0 0.495 0.4925 0.27 0.245 0.103557
0 0.9375 0.81 0.125 0.2 0.10498
0 0.4175 0.57 0.245 0.26 0.106115
0 0.935 0.575 0.13 0.21 0.107112
0 0.4225 0.935 0.215 0.13 0.107199
0 0.8075 0.335 0.265 0.25 0.107771
0 0.3275 0.9375 0.205 0.125 0.108449
0 0.2675 0.4225 0.255 0.235 0.109078
0 0.3525 0.6525 0.215 0.265 0.109877
0 0.065 0.495 0.13 0.26 0.114269
0 0.07 0.4025 0.14 0.215 0.117013
0 0.935 0.3425 0.13 0.225 0.117988
0 0.73 0.5 0.26 0.24 0.119276
0 0.35 0.1875 0.24 0.265 0.121248
0 0.065 0.8025 0.13 0.255 0.121339
0 0.11 0.8775 0.21 0.235 0.12162
0 0.895 0.405 0.21 0.22 0.121722
0 0.1225 0.275 0.245 0.28 0.121974
0 0.19 0.35 0.26 0.24 0.125791
0 0.8825 0.94 0.195 0.12 0.126957
0 0.6525 0.5725 0.255 0.245 0.127502
0 0.2675 0.27 0.255 0.24 0.12907
0 0.5725 0.42 0.265 0.25 0.130822
0 0.8075 0.5725 0.305 0.295 0.135529
0 0.805 0.185 0.26 0.25 0.135913
0 0.4975 0.3425 0.265 0.255 0.139205
0 0.0625 0.27 0.125 0.26 0.140393
0 0.4175 0.2625 0.265 0.265 0.164441
0 0.3525 0.8925 0.255 0.215 0.167294
0 0.7275 0.65 0.285 0.28 0.172504
0 0.345 0.49 0.25 0.25 0.173211
0 0.4225 0.4225 0.295 0.285 0.17949
0 0.575 0.1875 0.31 0.275 0.179782
0 0.42 0.73 0.26 0.26 0.182831
0 0.885 0.6475 0.23 0.225 0.186102
0 0.73 0.1175 0.26 0.235 0.192318
0 0.6575 0.73 0.255 0.26 0.19747
0 0.5 0.885 0.26 0.21 0.2242
0 0.8825 0.4975 0.235 0.245 0.225168
0 0.115 0.575 0.22 0.27 0.237361
0 0.885 0.115 0.23 0.21 0.249579
0 0.88 0.265 0.23 0.25 0.25422
0 0.425 0.12 0.27 0.23 0.256267
0 0.885 0.8825 0.22 0.225 0.256316
0 0.115 0.7325 0.23 0.275 0.263876
0 0.12 0.4175 0.24 0.295 0.31972
