0 0.3475 0.9375 0.205 0.125 0.100179
0 0.5 0.9375 0.2 0.125 0.101711
0 0.94 0.1925 0.12 0.195 0.104553
0 0.9375 0.3475 0.125 0.205 0.105136
0 0.06 0.81 0.12 0.24 0.105525
0 0.1975 0.0675 0.255 0.115 0.106022
0 0.6575 0.8075 0.235 0.225 0.106605
0 0.51 0.0625 0.23 0.115 0.107577
0 0.5725 0.65 0.255 0.22 0.108875
0 0.095 0.4775 0.18 0.225 0.110144
0 0.1175 0.94 0.195 0.12 0.110272
0 0.495 0.5725 0.26 0.235 0.11056
0 0.805 0.935 0.21 0.13 0.114528
0 0.5 0.195 0.24 0.23 0.115613
0 0.0625 0.6525 0.125 0.245 0.115788
0 0.9425 0.12 0.115 0.2 0.117145
0 0.8825 0.94 0.195 0.12 0.117707
0 0.1175 0.7225 0.235 0.245 0.119336
0 0.7325 0.73 0.245 0.23 0.120051
0 0.885 0.7325 0.23 0.215 0.120826
0 0.8825 0.19 0.235 0.23 0.122875
0 0.5725 0.2725 0.245 0.225 0.123885
0 0.345 0.345 0.25 0.24 0.124434
0 0.345 0.1875 0.25 0.235 0.129019
0 0.735 0.195 0.23 0.22 0.129115
0 0.655 0.575 0.25 0.22 0.134044
0 0.5725 0.885 0.235 0.21 0.134242
0 0.0625 0.4225 0.115 0.255 0.137361
0 0.3475 0.8 0.235 0.25 0.138945
0 0.805 0.8075 0.26 0.245 0.139535
0 0.4225 0.4925 0.255 0.235 0.141642
0 0.495 0.73 0.25 0.23 0.148066
0 0.42 0.2675 0.26 0.235 0.151255
0 0.115 0.2675 0.23 0.225 0.152573
0 0.2675 0.42 0.255 0.23 0.155831
0 0.8075 0.265 0.255 0.24 0.158101
0 0.115 0.885 0.22 0.23 0.161602
0 0.2675 0.7225 0.275 0.265 0.162846
0 0.885 0.5725 0.23 0.215 0.174119
0 0.4975 0.34 0.275 0.27 0.178075
0 0.1875 0.65 0.275 0.26 0.179521
0 0.7325 0.5 0.265 0.26 0.187115
0 0.2675 0.1175 0.245 0.225 0.187881
0 0.4225 0.88 0.255 0.23 0.188827
0 0.8825 0.88 0.235 0.23 0.198709
0 0.7325 0.88 0.255 0.22 0.201023
0 0.575 0.1125 0.24 0.225 0.214584
0 0.81 0.115 0.24 0.23 0.216083
0 0.8875 0.4175 0.225 0.225 0.217274
0 0.1175 0.5725 0.235 0.295 0.243792
0 0.1175 0.1175 0.235 0.235 0.304611
