0 0.6525 0.4875 0.205 0.235
0 0.73 0.7975 0.19 0.245
0 0.735 0.345 0.26 0.22
0 0.8725 0.875 0.215 0.24
0 0.2675 0.265 0.225 0.26
0 0.5725 0.1125 0.175 0.185
0 0.805 0.26 0.21 0.24
0 0.8025 0.805 0.265 0.29
0 0.8825 0.1875 0.215 0.245
0 0.1175 0.115 0.225 0.22
0 0.6625 0.415 0.275 0.22
0 0.115 0.8125 0.2 0.225
0 0.7325 0.42 0.195 0.18
0 0.34 0.645 0.22 0.24
0 0.425 0.1125 0.19 0.195
0 0.88 0.34 0.24 0.22
0 0.5025 0.115 0.185 0.19
0 0.49 0.8725 0.24 0.245
0 0.735 0.6475 0.16 0.265
0 0.3425 0.1125 0.235 0.215
0 0.89 0.12 0.17 0.18
