0 0.4325 0.575 0.175 0.2
0 0.185 0.805 0.18 0.2
0 0.4325 0.4975 0.155 0.215
0 0.57 0.8075 0.19 0.195
0 0.345 0.115 0.24 0.23
0 0.815 0.505 0.19 0.19
0 0.4375 0.8 0.165 0.23
0 0.875 0.7275 0.23 0.235
0 0.8075 0.8825 0.195 0.205
0 0.495 0.49 0.21 0.25
0 0.19 0.6525 0.18 0.205
0 0.735 0.8825 0.2 0.195
0 0.5825 0.355 0.195 0.19
0 0.265 0.6475 0.19 0.185
0 0.57 0.575 0.19 0.21
0 0.185 0.7275 0.18 0.205
0 0.1075 0.4925 0.195 0.235
0 0.11 0.65 0.17 0.21
0 0.1125 0.73 0.185 0.22
0 0.1225 0.8 0.185 0.18
0 0.73 0.2725 0.18 0.235
0 0.4175 0.34 0.225 0.23
0 0.4975 0.8775 0.185 0.195
0 0.195 0.1175 0.25 0.235
0 0.5025 0.6525 0.175 0.195
0 0.27 0.585 0.16 0.16
0 0.81 0.655 0.21 0.22
0 0.5 0.575 0.19 0.22
0 0.1125 0.275 0.205 0.23
0 0.5 0.8025 0.18 0.185
