0 0.435 0.16 0.33 0.32
0 0.575 0.325 0.37 0.42
0 0.3525 0.2875 0.145 0.155
0 0.645 0.67 0.33 0.66
0 0.9025 0.04 0.195 0.08
0 0.6175 0.25 0.435 0.07
0 0.5925 0.455 0.325 0.35
0 0.555 0.3775 0.61 0.165
0 0.4175 0.0675 0.205 0.135
0 0.42 0.7175 0.01 0.315
0 0.345 0.73 0.29 0.34
0 0.39 0.685 0.06 0.26
0 0.6025 0.315 0.425 0.08
0 0.345 0.6775 0.21 0.195
0 0.395 0.665 0.15 0.3
0 0.3975 0.18 0.095 0.36
0 0.41 0.535 0.13 0.21
0 0.34 0.19 0.21 0.22
0 0.47 0.405 0.73 0.4
0 0.64 0.655 0.37 0.12
0 0.3475 0.18 0.325 0.1
