0 0.09 0.1675 0.18 0.335
0 0.085 0.865 0.17 0.25
0 0.2675 0.0725 0.22499999999999998 0.145
0 0.905 0.0925 0.18999999999999995 0.185
0 0.8325 0.8225 0.33499999999999996 0.355
0 0.225 0.325 0.32 0.35
0 0.37750000000000006 0.7275 0.4050000000000001 0.385
0 0.8525 0.3075 0.15500000000000003 0.345
0 0.9025 0.5525 0.19500000000000006 0.365
0 0.09249999999999999 0.07 0.15499999999999997 0.09
0 0.6 0.8475 0.15999999999999992 0.30499999999999994
0 0.4975 0.1425 0.535 0.285
0 0.77 0.12250000000000001 0.20999999999999996 0.15500000000000003
0 0.505 0.565 0.38000000000000006 0.30000000000000004
0 0.5225 0.0475 0.345 0.065
0 0.3675 0.9225 0.18499999999999994 0.15500000000000003
0 0.9575 0.91 0.08499999999999996 0.17999999999999994
0 0.05 0.3225 0.09 0.33499999999999996
0 0.95 0.38 0.10000000000000009 0.30000000000000004
0 0.1375 0.465 0.044999999999999984 0.32999999999999996
0 0.7425 0.9225 0.2550000000000001 0.15500000000000003
0 0.22750000000000004 0.9175 0.21500000000000002 0.16500000000000004
0 0.6725 0.22000000000000003 0.17500000000000004 0.21000000000000002
0 0.0875 0.42000000000000004 0.05499999999999999 0.26000000000000006
0 0.88 0.03 0.22999999999999998 0.06
0 0.8775 0.96 0.20500000000000007 0.08000000000000007
0 0.14 0.6875 0.28 0.365
0 0.4675 0.95 0.15500000000000003 0.10000000000000009
0 0.04 0.735 0.05 0.24
0 0.7825 0.5875 0.20500000000000007 0.385
0 0.9775 0.0725 0.04499999999999993 0.145
0 0.0475 0.14 0.065 0.19
0 0.0475 0.9175 0.095 0.16500000000000004
0 0.315 0.36250000000000004 0.20999999999999996 0.29500000000000004
0 0.2675 0.075 0.14500000000000002 0.1
0 0.955 0.77 0.09000000000000008 0.28
0 0.0475 0.05 0.095 0.09
0 0.5875 0.9575 0.17500000000000004 0.07499999999999996
0 0.039999999999999994 0.4175 0.039999999999999994 0.23499999999999993
0 0.175 0.9575 0.25 0.07499999999999996
0 0.95 0.235 0.10000000000000009 0.27
0 0.5675 0.5025 0.20500000000000002 0.355
0 0.9725 0.5925 0.04499999999999993 0.24500000000000005
0 0.7225 0.035 0.32499999999999996 0.07
0 0.145 0.565 0.10000000000000002 0.43999999999999995
0 0.9675 0.009999999999999998 0.05499999999999994 0.009999999999999998
0 0.6625 0.8525 0.15500000000000003 0.14500000000000002
0 0.56 0.6975 0.10000000000000009 0.2450000000000001
0 0.3575 0.1875 0.22499999999999998 0.255
0 0.7625 0.3225 0.2250000000000001 0.355
0 0.024999999999999998 0.02 0.039999999999999994 0.04
0 0.3475 0.94 0.14500000000000002 0.07000000000000006
0 0.235 0.465 0.09999999999999998 0.19000000000000006
0 0.36 0.037500000000000006 0.13 0.05500000000000001
0 0.4225 0.8275 0.15500000000000003 0.2350000000000001
0 0.055 0.5425 0.11 0.22500000000000003
0 0.895 0.7925 0.15999999999999992 0.125
0 0.58 0.08000000000000002 0.3499999999999999 0.12000000000000001
0 0.9625 0.975 0.06499999999999995 0.050000000000000044
0 0.135 0.05 0.27 0.1
0 0.5375 0.9175 0.19500000000000006 0.16500000000000004
0 0.16 0.375 0.27 0.08999999999999997
0 0.6825 0.7825 0.2849999999999999 0.395
0 0.265 0.0325 0.09999999999999998 0.065
0 0.23750000000000002 0.8225 0.3350000000000001 0.355
0 0.955 0.04 0.09000000000000008 0.08
0 0.0225 0.1375 0.045 0.245
0 0.07500000000000001 0.77 0.12000000000000001 0.29000000000000004
0 0.1875 0.44 0.375 0.06999999999999995
0 0.54 0.40249999999999997 0.37000000000000005 0.45499999999999996
0 0.575 0.035 0.15999999999999998 0.07
0 0.835 0.0875 0.20999999999999996 0.135
0 0.0825 0.9475 0.155 0.07499999999999996
0 0.9725 0.845 0.04499999999999993 0.19999999999999996
0 0.6925 0.9625 0.24499999999999988 0.07499999999999996
0 0.12 0.2775 0.19 0.365
0 0.93 0.5475 0.10000000000000009 0.395
0 0.2425 0.1325 0.135 0.15500000000000003
0 0.7475 0.805 0.16500000000000004 0.17999999999999994
0 0.44 0.08 0.15000000000000002 0.16
0 0.3575 0.97 0.16500000000000004 0.050000000000000044
0 0.525 0.7475 0.13999999999999996 0.19500000000000006
0 0.16000000000000003 0.325 0.22000000000000003 0.09999999999999998
0 0.8675 0.9125 0.2250000000000001 0.17500000000000004
0 0.915 0.31999999999999995 0.14000000000000012 0.32999999999999996
0 0.66 0.13 0.30000000000000004 0.16000000000000003
0 0.975 0.6825 0.050000000000000044 0.19500000000000006
0 0.0875 0.51 0.07500000000000001 0.27
0 0.4 0.51 0.31000000000000005 0.28
0 0.07750000000000001 0.14 0.10500000000000001 0.2
0 0.8375 0.58 0.16500000000000004 0.24
0 0.047499999999999994 0.6775 0.08499999999999999 0.2250000000000001
0 0.3525 0.86 0.15500000000000003 0.16999999999999993
0 0.2125 0.0675 0.07500000000000001 0.135
0 0.6625 0.0675 0.135 0.11499999999999999
0 0.58 0.8525 0.15999999999999998 0.135
0 0.0475 0.505 0.035 0.3499999999999999
0 0.605 0.2775 0.3400000000000001 0.21499999999999997
0 0.6525 0.62 0.2649999999999999 0.38999999999999996
0 0.3425 0.08749999999999998 0.11499999999999999 0.14499999999999996
0 0.045 0.0225 0.09 0.045
0 0.05 0.9025 0.05000000000000001 0.19500000000000006
0 0.95 0.11749999999999998 0.10000000000000009 0.21499999999999997
0 0.165 0.54 0.33 0.31000000000000005
0 0.2625 0.22 0.245 0.31
0 0.1275 0.9525 0.10499999999999998 0.09499999999999997
0 0.9725 0.9225 0.04499999999999993 0.15500000000000003
0 0.815 0.22 0.21999999999999997 0.36
0 0.5125 0.67 0.135 0.19999999999999996
0 0.7875 0.9575 0.21500000000000008 0.08499999999999996
0 0.975 0.03 0.050000000000000044 0.06
0 0.8375 0.0375 0.125 0.075
0 0.1375 0.045 0.14500000000000002 0.09
0 0.28 0.9525 0.22999999999999998 0.09499999999999997
0 0.9 0.8275 0.17999999999999994 0.29499999999999993
0 0.7175 0.85 0.135 0.18999999999999995
0 0.5 0.6074999999999999 0.54 0.7849999999999999
0 0.4075 0.04 0.16500000000000004 0.08
0 0.02 0.0575 0.04 0.115
