0 0.8775 0.82 0.2450000000000001 0.31000000000000005
0 0.6275 0.9275 0.345 0.14500000000000002
0 0.565 0.3350000000000001 0.32000000000000006 0.41000000000000003
0 0.91 0.23500000000000001 0.15999999999999992 0.29000000000000004
0 0.085 0.8375 0.17 0.32499999999999996
0 0.8925 0.04 0.20500000000000007 0.08
0 0.2225 0.095 0.405 0.19
0 0.18 0.545 0.21999999999999997 0.28
0 0.7125 0.625 0.29499999999999993 0.35000000000000003
0 0.4075 0.3225 0.30499999999999994 0.255
0 0.075 0.34750000000000003 0.15 0.34500000000000003
0 0.7525 0.17999999999999997 0.16500000000000004 0.33999999999999997
0 0.935 0.94 0.1299999999999999 0.1200000000000001
0 0.3075 0.81 0.32499999999999996 0.3799999999999999
0 0.565 0.7825 0.17999999999999994 0.125
0 0.065 0.0725 0.13 0.145
0 0.625 0.09 0.28 0.18
0 0.9475 0.6275 0.10499999999999998 0.30499999999999994
0 0.4675 0.9075 0.135 0.18500000000000005
0 0.04250000000000001 0.4875 0.05500000000000001 0.17499999999999993
0 0.2125 0.92 0.315 0.1499999999999999
0 0.047499999999999994 0.26 0.07499999999999998 0.26
0 0.0375 0.0325 0.075 0.065
0 0.9 0.3375 0.19999999999999996 0.375
0 0.2375 0.285 0.22499999999999998 0.26
0 0.0275 0.65 0.055 0.33000000000000007
0 0.7325 0.8325 0.375 0.33499999999999996
0 0.0375 0.9625 0.075 0.07499999999999996
0 0.09 0.5475 0.09000000000000001 0.365
0 0.4675 0.09749999999999999 0.17500000000000004 0.16499999999999998
0 0.78 0.0725 0.14000000000000012 0.145
0 0.4875 0.725 0.245 0.47
0 0.9525 0.07 0.09499999999999997 0.12
0 0.49 0.4225 0.12000000000000005 0.15500000000000003
0 0.9025 0.3625 0.04499999999999993 0.10499999999999998
0 0.5725 0.0425 0.18500000000000005 0.085
0 0.955 0.37 0.030000000000000027 0.08999999999999997
0 0.405 0.255 0.08999999999999997 0.19999999999999998
0 0.83 0.955 0.1399999999999999 0.08000000000000007
0 0.9925 0.9425 0.014999999999999902 0.09499999999999997
0 0.2025 0.545 0.405 0.41999999999999993
0 0.9075 0.445 0.15500000000000003 0.06999999999999995
0 0.7625 0.195 0.05499999999999994 0.09999999999999998
0 0.5075 0.4275 0.05499999999999999 0.04500000000000004
0 0.695 0.0175 0.13000000000000012 0.025
0 0.31 0.9525 0.25 0.09499999999999997
0 0.95 0.83 0.10000000000000009 0.22999999999999998
0 0.78 0.4625 0.07000000000000006 0.21500000000000002
0 0.6175 0.96 0.30499999999999994 0.06000000000000005
0 0.2675 0.0375 0.135 0.075
0 0.0225 0.87 0.045 0.24
0 0.8125 0.1975 0.08499999999999996 0.08500000000000002
0 0.67 0.6625 0.28 0.19500000000000006
0 0.02 0.2725 0.04 0.17499999999999996
0 0.7225 0.25 0.08499999999999996 0.07999999999999999
0 0.4675 0.545 0.125 0.13000000000000006
0 0.555 0.0925 0.07000000000000006 0.065
0 0.935 0.96 0.08000000000000007 0.06000000000000005
0 0.46 0.975 0.10999999999999999 0.050000000000000044
0 0.1275 0.745 0.255 0.33000000000000007
0 0.87 0.5375 0.26 0.30499999999999994
0 0.42 0.05 0.19000000000000006 0.1
0 0.925 0.1225 0.14000000000000012 0.195
0 0.77 0.0525 0.06000000000000005 0.095
0 0.7675 0.27 0.24499999999999988 0.31000000000000005
0 0.07 0.1525 0.14 0.07500000000000001
0 0.62 0.04 0.1100000000000001 0.05
0 0.315 0.685 0.36 0.18999999999999995
0 0.7675 0.7025 0.11499999999999999 0.19500000000000006
0 0.115 0.96 0.22 0.08000000000000007
0 0.9675 0.94 0.03499999999999992 0.1200000000000001
0 0.024999999999999998 0.085 0.039999999999999994 0.17
0 0.8125 0.14 0.125 0.08000000000000002
0 0.955 0.27 0.07000000000000006 0.20999999999999996
0 0.53 0.56 0.69 0.76
0 0.025 0.715 0.03 0.20999999999999996
0 0.49 0.025 0.18999999999999995 0.05
0 0.1225 0.25750000000000006 0.245 0.28500000000000003
0 0.5325 0.18249999999999997 0.21500000000000002 0.2849999999999999
0 0.5325 0.435 0.06499999999999995 0.050000000000000044
0 0.3125 0.315 0.20499999999999996 0.20000000000000004
0 0.8175 0.93 0.27500000000000013 0.1399999999999999
0 0.125 0.0525 0.25 0.105
0 0.3775 0.905 0.10499999999999998 0.18999999999999995
0 0.9775 0.795 0.04499999999999993 0.26
0 0.0375 0.495 0.075 0.36000000000000004
0 0.8775 0.05 0.16500000000000004 0.04000000000000001
0 0.765 0.6 0.1499999999999999 0.15999999999999992
0 0.6875 0.0375 0.11499999999999999 0.075
0 0.5175 0.51 0.30499999999999994 0.3400000000000001
0 0.73 0.1325 0.1299999999999999 0.15500000000000003
0 0.535 0.9375 0.11999999999999994 0.125
0 0.54 0.1275 0.14999999999999997 0.09499999999999999
0 0.985 0.9225 0.030000000000000027 0.11499999999999999
0 0.8925 0.67 0.21500000000000008 0.32000000000000006
0 0.045 0.8375 0.05000000000000001 0.2649999999999999
0 0.1875 0.935 0.16500000000000004 0.08000000000000007
0 0.9575 0.035 0.08499999999999996 0.07
0 0.045 0.11999999999999998 0.04000000000000001 0.22999999999999998
0 0.95 0.43999999999999995 0.10000000000000009 0.24999999999999994
0 0.3125 0.115 0.2849999999999999 0.15
0 0.2175 0.345 0.14499999999999996 0.20999999999999996
0 0.8425 0.37 0.21500000000000008 0.14
0 0.64 0.02 0.11999999999999988 0.04
0 0.8475 0.2025 0.10499999999999998 0.10499999999999998
0 0.7525 0.255 0.10499999999999998 0.15000000000000002
0 0.48250000000000004 0.4325 0.07500000000000001 0.10499999999999998
0 0.02 0.9325 0.04 0.10499999999999998
0 0.4525 0.92 0.06499999999999995 0.15999999999999992
0 0.655 0.395 0.29000000000000004 0.39000000000000007
0 0.09749999999999999 0.6475 0.14499999999999996 0.31499999999999995
0 0.28 0.24 0.14 0.17999999999999997
0 0.5425 0.025 0.16500000000000004 0.03
0 0.7075 0.945 0.2749999999999999 0.1100000000000001
0 0.24250000000000002 0.8325 0.32500000000000007 0.2650000000000001
0 0.2675 0.0625 0.15500000000000003 0.095
0 0.605 0.7275 0.3400000000000001 0.21500000000000008
0 0.045 0.3875 0.09 0.21499999999999997
0 0.9475 0.7275 0.07499999999999996 0.31499999999999995
0 0.64 0.07 0.1100000000000001 0.12
0 0.8375 0.0575 0.21500000000000008 0.075
0 0.945 0.1875 0.10000000000000009 0.255
0 0.13 0.12000000000000001 0.22999999999999998 0.15000000000000002
0 0.41 0.17 0.16000000000000003 0.33
0 0.785 0.4175 0.13000000000000012 0.27499999999999997
0 0.025 0.485 0.05 0.21999999999999997
0 0.0275 0.1825 0.055 0.20499999999999996
0 0.21 0.55 0.18 0.54
0 0.025 0.0275 0.05 0.055
0 0.505 0.85 0.42999999999999994 0.30000000000000004
0 0.9125 0.42 0.125 0.4
0 0.075 0.9275 0.15 0.14500000000000002
