0 0.08 0.0725 0.15 0.145
0 0.9275 0.475 0.10499999999999998 0.38999999999999996
0 0.94 0.905 0.1200000000000001 0.14000000000000012
0 0.07 0.2075 0.14 0.14499999999999996
0 0.6775 0.485 0.2250000000000001 0.33000000000000007
0 0.07 0.38 0.13 0.30000000000000004
0 0.165 0.8375 0.28 0.32499999999999996
0 0.89 0.125 0.21999999999999997 0.25
0 0.185 0.215 0.22999999999999998 0.19
0 0.9675 0.26 0.06499999999999995 0.13
0 0.8325 0.9075 0.18500000000000005 0.15500000000000003
0 0.7475 0.2775 0.405 0.275
0 0.5225 0.6425 0.41500000000000004 0.33499999999999996
0 0.5325 0.08749999999999998 0.375 0.15499999999999997
0 0.28 0.9525 0.16000000000000003 0.06499999999999995
0 0.7675 0.055 0.24499999999999988 0.11
0 0.28 0.6775 0.20999999999999996 0.23499999999999988
0 0.05 0.6625 0.1 0.20500000000000007
0 0.0375 0.825 0.075 0.20999999999999996
0 0.3275 0.8875 0.275 0.16500000000000004
0 0.9325 0.6725 0.09499999999999997 0.20500000000000007
0 0.925 0.2575 0.09000000000000008 0.16500000000000004
0 0.5375 0.4625 0.16500000000000004 0.395
0 0.845 0.6075 0.09000000000000008 0.25500000000000006
0 0.0375 0.9675 0.075 0.04499999999999993
0 0.3875 0.17749999999999996 0.245 0.30499999999999994
0 0.7425 0.3775 0.2250000000000001 0.275
0 0.7225 0.9575 0.27500000000000013 0.08499999999999996
0 0.275 0.0425 0.31000000000000005 0.085
0 0.7225 0.84 0.29499999999999993 0.19999999999999996
0 0.18 0.5025 0.36 0.29499999999999993
0 0.95 0.795 0.10000000000000009 0.16999999999999993
0 0.4775 0.955 0.245 0.09000000000000008
0 0.9775 0.07 0.03499999999999992 0.14
0 0.0775 0.9525 0.155 0.09499999999999997
0 0.045 0.4925 0.04000000000000001 0.255
0 0.7775 0.5325 0.10499999999999998 0.355
0 0.9725 0.9675 0.05499999999999994 0.06499999999999995
0 0.2925 0.735 0.10499999999999998 0.1499999999999999
0 0.535 0.845 0.21999999999999997 0.30000000000000004
0 0.28 0.275 0.28 0.32000000000000006
0 0.69 0.5275 0.10000000000000009 0.30499999999999994
0 0.9575 0.39 0.08499999999999996 0.28
0 0.9125 0.0875 0.17500000000000004 0.125
0 0.030000000000000002 0.085 0.04000000000000001 0.17
0 0.555 0.3025 0.21999999999999997 0.345
0 0.3725 0.5075 0.22499999999999998 0.365
0 0.6025 0.09 0.18500000000000005 0.04999999999999999
0 0.0125 0.91 0.025 0.08000000000000007
0 0.825 0.7375 0.31000000000000005 0.2549999999999999
0 0.1675 0.9575 0.185 0.08499999999999996
0 0.12 0.475 0.12 0.51
0 0.385 0.775 0.10999999999999999 0.18999999999999995
0 0.72 0.185 0.30000000000000004 0.16000000000000003
0 0.975 0.71 0.050000000000000044 0.10000000000000009
0 0.46 0.9725 0.12 0.05499999999999994
0 0.7075 0.955 0.09499999999999997 0.050000000000000044
0 0.7175 0.04 0.11499999999999999 0.07
0 0.585 0.955 0.10000000000000009 0.07000000000000006
0 0.1975 0.7775 0.14500000000000002 0.14500000000000002
0 0.22 0.11 0.29 0.18
0 0.03 0.4975 0.020000000000000004 0.255
0 0.94 0.955 0.1100000000000001 0.07000000000000006
0 0.8275 0.955 0.16500000000000004 0.07000000000000006
0 0.2925 0.4975 0.125 0.17499999999999993
0 0.0525 0.265 0.085 0.20999999999999996
0 0.64 0.5725 0.10000000000000009 0.135
0 0.8675 0.0425 0.11499999999999999 0.075
0 0.0725 0.77 0.145 0.28
0 0.9775 0.8625 0.03499999999999992 0.20500000000000007
0 0.06249999999999999 0.03 0.10499999999999998 0.06
0 0.87 0.265 0.21999999999999997 0.22999999999999998
0 0.9525 0.0425 0.09499999999999997 0.085
0 0.5925 0.0675 0.18500000000000005 0.035
0 0.5375 0.97 0.08499999999999996 0.06000000000000005
0 0.0175 0.10750000000000001 0.025 0.11500000000000002
0 0.8825 0.5875 0.135 0.30499999999999994
0 0.9375 0.345 0.11499999999999999 0.08999999999999997
0 0.2725 0.935 0.21499999999999997 0.1299999999999999
0 0.2625 0.585 0.16500000000000004 0.15999999999999992
0 0.5225 0.0575 0.27499999999999997 0.115
0 0.2525 0.1875 0.08499999999999999 0.19500000000000003
0 0.515 0.55 0.32000000000000006 0.8799999999999999
0 0.0225 0.6275 0.045 0.20500000000000007
0 0.07 0.1175 0.14 0.125
0 0.96 0.68 0.08000000000000007 0.06000000000000005
0 0.57 0.915 0.13000000000000012 0.1100000000000001
0 0.085 0.905 0.09 0.17999999999999994
0 0.31 0.0625 0.13 0.125
0 0.735 0.07999999999999999 0.20999999999999996 0.07999999999999999
0 0.4075 0.965 0.11499999999999999 0.07000000000000006
0 0.0525 0.3675 0.075 0.21499999999999997
0 0.97 0.635 0.040000000000000036 0.22999999999999998
0 0.85 0.38 0.30000000000000004 0.33000000000000007
0 0.6625 0.14 0.33499999999999996 0.10999999999999999
0 0.0375 0.92 0.075 0.15999999999999992
0 0.96 0.9775 0.08000000000000007 0.03499999999999992
0 0.0275 0.21 0.055 0.2
0 0.9825 0.12 0.03499999999999992 0.19
0 0.19499999999999998 0.8175 0.2899999999999999 0.10499999999999998
0 0.25 0.9675 0.14 0.05499999999999994
0 0.11 0.045 0.17 0.09
0 0.72 0.905 0.3900000000000001 0.18999999999999995
0 0.1275 0.36750000000000005 0.255 0.28500000000000003
0 0.84 0.5525 0.1499999999999999 0.135
0 0.915 0.7925 0.15999999999999992 0.11499999999999999
0 0.1075 0.9525 0.135 0.05499999999999994
0 0.075 0.63 0.15 0.32000000000000006
0 0.4425 0.7 0.23500000000000004 0.30000000000000004
0 0.35 0.13 0.41999999999999993 0.13
0 0.6425 0.37249999999999994 0.16500000000000004 0.43499999999999994
0 0.915 0.1875 0.16999999999999993 0.20499999999999996
0 0.315 0.79 0.20999999999999996 0.25
0 0.3975 0.365 0.245 0.43999999999999995
0 0.935 0.6175 0.1299999999999999 0.345
0 0.9725 0.3225 0.05499999999999994 0.19500000000000003
0 0.375 0.9475 0.22999999999999998 0.06499999999999995
0 0.7525 0.4825 0.07499999999999996 0.3350000000000001
0 0.885 0.9 0.22999999999999998 0.19999999999999996
0 0.685 0.0425 0.28 0.085
0 0.1875 0.5975 0.255 0.385
0 0.125 0.12249999999999998 0.25 0.22499999999999998
0 0.8525 0.9325 0.10499999999999998 0.10499999999999998
0 0.49000000000000005 0.2325 0.6200000000000001 0.465
0 0.565 0.5625 0.29000000000000004 0.32499999999999996
