0 0.9375 0.275 0.09499999999999997 0.37
0 0.7675 0.0725 0.31499999999999995 0.145
0 0.9375 0.049999999999999996 0.11499999999999999 0.07999999999999999
0 0.81 0.28 0.20999999999999996 0.27
0 0.825 0.775 0.3500000000000001 0.3600000000000001
0 0.9625 0.8625 0.07499999999999996 0.2450000000000001
0 0.115 0.075 0.23 0.15
0 0.1425 0.7775 0.285 0.395
0 0.1225 0.3625 0.11499999999999999 0.275
0 0.37749999999999995 0.0875 0.45499999999999996 0.175
0 0.875 0.5875 0.25 0.26499999999999996
0 0.455 0.455 0.33999999999999997 0.39
0 0.8225 0.905 0.2450000000000001 0.18999999999999995
0 0.5875 0.805 0.31499999999999995 0.3899999999999999
0 0.075 0.225 0.14 0.28
0 0.375 0.905 0.33000000000000007 0.18999999999999995
0 0.0725 0.945 0.145 0.1100000000000001
0 0.7275 0.31 0.20500000000000007 0.22999999999999998
0 0.09 0.04000000000000001 0.18 0.060000000000000005
0 0.2725 0.2899999999999999 0.375 0.30999999999999994
0 0.63 0.96 0.18999999999999995 0.08000000000000007
0 0.9225 0.115 0.11499999999999999 0.15
0 0.6775 0.1225 0.29499999999999993 0.185
0 0.265 0.6325 0.31000000000000005 0.375
0 0.37750000000000006 0.0425 0.28500000000000003 0.085
0 0.07750000000000001 0.725 0.11500000000000002 0.3400000000000001
0 0.0525 0.4625 0.065 0.26499999999999996
0 0.2275 0.9575 0.255 0.08499999999999996
0 0.93 0.4225 0.1399999999999999 0.355
0 0.9875 0.0575 0.02499999999999991 0.115
0 0.96 0.955 0.08000000000000007 0.09000000000000008
0 0.7275 0.88 0.14500000000000002 0.18999999999999995
0 0.5225 0.2375 0.29499999999999993 0.355
0 0.5325 0.97 0.19500000000000006 0.06000000000000005
0 0.045 0.9675 0.09 0.04499999999999993
0 0.0475 0.835 0.05499999999999999 0.24
0 0.9275 0.7175 0.14500000000000002 0.345
0 0.7675 0.485 0.355 0.32000000000000006
0 0.0175 0.8775 0.035 0.11499999999999999
0 0.5775 0.06 0.18500000000000005 0.12
0 0.1025 0.5325 0.205 0.32499999999999996
0 0.52 0.6575 0.39000000000000007 0.33499999999999996
0 0.3375 0.0175 0.11499999999999999 0.025
0 0.04 0.175 0.08 0.25
0 0.705 0.525 0.11999999999999988 0.13000000000000006
0 0.69 0.0425 0.09000000000000008 0.085
0 0.8275 0.0325 0.07499999999999996 0.045
0 0.825 0.9575 0.25 0.08499999999999996
0 0.0225 0.7425 0.035 0.2550000000000001
0 0.98 0.58 0.040000000000000036 0.28
0 0.68 0.175 0.17999999999999994 0.16000000000000003
0 0.6125 0.925 0.33499999999999996 0.07000000000000006
0 0.0225 0.04 0.045 0.08
0 0.2525 0.7675 0.135 0.20500000000000007
0 0.36 0.9325 0.27 0.09499999999999997
0 0.235 0.375 0.22999999999999998 0.16000000000000003
0 0.9475 0.4375 0.10499999999999998 0.08499999999999996
0 0.885 0.055 0.18999999999999995 0.1
0 0.97 0.2425 0.06000000000000005 0.21499999999999997
0 0.9825 0.735 0.03499999999999992 0.20999999999999996
0 0.6 0.0375 0.09000000000000008 0.075
0 0.16500000000000004 0.0375 0.23000000000000004 0.075
0 0.5275 0.395 0.20500000000000002 0.3400000000000001
0 0.7275 0.78 0.23499999999999988 0.21999999999999997
0 0.1675 0.9175 0.255 0.15500000000000003
0 0.7675 0.1975 0.08499999999999996 0.18500000000000003
0 0.0275 0.4275 0.055 0.22500000000000003
0 0.7775 0.0425 0.15500000000000003 0.085
0 0.93 0.9125 0.11999999999999988 0.14500000000000002
0 0.4475 0.055 0.125 0.11
0 0.0375 0.635 0.075 0.33000000000000007
0 0.265 0.08999999999999998 0.14 0.16999999999999998
0 0.0225 0.16499999999999998 0.045 0.16999999999999998
0 0.505 0.4175 0.56 0.645
0 0.8675 0.7625 0.15500000000000003 0.18500000000000005
0 0.7275 0.9625 0.19500000000000006 0.07499999999999996
0 0.36 0.037500000000000006 0.15000000000000002 0.05500000000000001
0 0.96 0.04 0.06000000000000005 0.08
0 0.9925 0.09 0.014999999999999902 0.18
0 0.0425 0.895 0.085 0.09000000000000008
0 0.09 0.4625 0.10999999999999999 0.405
0 0.66 0.035 0.08000000000000007 0.07
0 0.315 0.455 0.20000000000000004 0.29999999999999993
0 0.7 0.3025 0.3500000000000001 0.11499999999999999
0 0.945 0.185 0.07000000000000006 0.24
0 0.9775 0.965 0.04499999999999993 0.07000000000000006
0 0.08999999999999998 0.02 0.16999999999999998 0.04
0 0.8875 0.65 0.14500000000000002 0.16999999999999993
0 0.47 0.8575 0.39000000000000007 0.2849999999999999
0 0.7825 0.165 0.375 0.28
0 0.0475 0.11749999999999998 0.05499999999999999 0.22499999999999998
0 0.5275 0.11 0.23500000000000004 0.22
0 0.9025 0.035 0.10499999999999998 0.07
0 0.0225 0.9275 0.045 0.10499999999999998
0 0.68 0.4125 0.3400000000000001 0.22500000000000003
0 0.6725 0.875 0.18500000000000005 0.15999999999999992
0 0.41999999999999993 0.9575 0.24999999999999994 0.08499999999999996
0 0.085 0.975 0.17 0.050000000000000044
0 0.9525 0.63 0.09499999999999997 0.30000000000000004
0 0.047499999999999994 0.37 0.08499999999999999 0.20999999999999996
0 0.3725 0.33499999999999996 0.265 0.31999999999999995
0 0.115 0.17749999999999996 0.23 0.29499999999999993
0 0.31999999999999995 0.735 0.33999999999999997 0.40000000000000013
0 0.825 0.2175 0.1499999999999999 0.175
0 0.3625 0.0825 0.135 0.155
0 0.02 0.08749999999999998 0.04 0.16499999999999998
0 0.135 0.93 0.13 0.1399999999999999
0 0.98 0.9225 0.040000000000000036 0.15500000000000003
0 0.12250000000000001 0.59 0.14500000000000002 0.38000000000000006
0 0.5574999999999999 0.0875 0.5149999999999999 0.08500000000000002
0 0.7725 0.805 0.14500000000000002 0.3899999999999999
0 0.8675 0.325 0.2649999999999999 0.38
0 0.315 0.04 0.13 0.08
0 0.5425 0.935 0.25499999999999995 0.1299999999999999
0 0.85 0.0425 0.10000000000000009 0.085
