0 0.1975 0.275 0.20499999999999996 0.29000000000000004
0 0.07 0.39 0.10999999999999999 0.43999999999999995
0 0.785 0.7375 0.42999999999999994 0.44500000000000006
0 0.925 0.145 0.1499999999999999 0.29
0 0.91 0.9425 0.1499999999999999 0.11499999999999999
0 0.33 0.8675 0.20000000000000004 0.2649999999999999
0 0.0825 0.075 0.165 0.15
0 0.53 0.8825 0.33000000000000007 0.2350000000000001
0 0.125 0.85 0.18 0.27
0 0.7825 0.0725 0.2650000000000001 0.145
0 0.91 0.7675 0.1499999999999999 0.29499999999999993
0 0.24250000000000002 0.07750000000000001 0.28500000000000003 0.10500000000000001
0 0.935 0.54 0.1299999999999999 0.28
0 0.215 0.7625 0.16999999999999998 0.375
0 0.4875 0.0575 0.19499999999999995 0.115
0 0.4774999999999999 0.29 0.40499999999999997 0.38
0 0.05 0.23 0.05000000000000001 0.21000000000000002
0 0.6775 0.3225 0.2250000000000001 0.245
0 0.9525 0.3775 0.08499999999999996 0.255
0 0.1775 0.855 0.065 0.1200000000000001
0 0.0225 0.8275 0.045 0.24499999999999988
0 0.12499999999999999 0.9675 0.20999999999999996 0.06499999999999995
0 0.7775 0.9225 0.2350000000000001 0.15500000000000003
0 0.09 0.6275 0.18 0.30499999999999994
0 0.5375 0.6475 0.41500000000000004 0.31499999999999995
0 0.6325 0.9625 0.2250000000000001 0.07499999999999996
0 0.3225 0.96 0.235 0.08000000000000007
0 0.7625 0.48 0.2549999999999999 0.37000000000000005
0 0.915 0.05 0.16999999999999993 0.1
0 0.96 0.875 0.08000000000000007 0.14000000000000012
0 0.21250000000000002 0.71 0.11500000000000002 0.09000000000000008
0 0.835 0.23 0.24 0.35
0 0.66 0.09 0.19999999999999996 0.06
0 0.24 0.4075 0.25 0.29499999999999993
0 0.0725 0.185 0.145 0.21999999999999997
0 0.755 0.97 0.020000000000000018 0.030000000000000027
0 0.0375 0.9325 0.065 0.135
0 0.0225 0.5925 0.035 0.20500000000000002
0 0.3125 0.615 0.235 0.37999999999999995
0 0.38249999999999995 0.085 0.36499999999999994 0.17
0 0.6425 0.57 0.09499999999999997 0.16999999999999998
0 0.6325 0.74 0.125 0.1499999999999999
0 0.0475 0.04 0.095 0.08
0 0.18 0.58 0.10999999999999999 0.07000000000000006
0 0.965 0.685 0.010000000000000009 0.3700000000000001
0 0.5225 0.965 0.24500000000000005 0.07000000000000006
0 0.675 0.07 0.030000000000000027 0.14
0 0.485 0.0475 0.13000000000000006 0.045000000000000005
0 0.2625 0.9725 0.06500000000000003 0.05499999999999994
0 0.645 0.6175 0.09000000000000008 0.02499999999999991
0 0.8375 0.9525 0.19500000000000006 0.08499999999999996
0 0.095 0.46749999999999997 0.07 0.5049999999999999
0 0.95 0.675 0.10000000000000009 0.31000000000000005
0 0.045 0.37750000000000006 0.07 0.30500000000000005
0 0.18 0.935 0.13 0.08000000000000007
0 0.9775 0.0725 0.04499999999999993 0.145
0 0.5225 0.45500000000000007 0.27499999999999997 0.42000000000000004
0 0.6625 0.97 0.07499999999999996 0.06000000000000005
0 0.3175 0.815 0.10499999999999998 0.18999999999999995
0 0.0425 0.6775 0.085 0.2450000000000001
0 0.035 0.855 0.04000000000000001 0.1499999999999999
0 0.9425 0.96 0.11499999999999999 0.08000000000000007
0 0.9425 0.17 0.08499999999999996 0.29
0 0.8775 0.47 0.16500000000000004 0.35000000000000003
0 0.555 0.125 0.14999999999999997 0.16000000000000003
0 0.725 0.12499999999999999 0.28 0.22999999999999998
0 0.5025 0.765 0.25499999999999995 0.41999999999999993
0 0.0175 0.0525 0.035 0.105
0 0.105 0.9025 0.14 0.09499999999999997
0 0.305 0.9075 0.19000000000000003 0.135
0 0.6875 0.8275 0.2549999999999999 0.33499999999999996
0 0.36 0.265 0.24 0.42999999999999994
0 0.12499999999999999 0.05 0.20999999999999996 0.09
0 0.0325 0.78 0.05499999999999999 0.1100000000000001
0 0.71 0.9725 0.10000000000000009 0.05499999999999994
0 0.635 0.3325 0.1200000000000001 0.18500000000000003
0 0.645 0.67 0.10000000000000009 0.1399999999999999
0 0.2325 0.9425 0.08500000000000002 0.08499999999999996
0 0.66 0.9075 0.1100000000000001 0.18500000000000005
0 0.045 0.1875 0.09 0.10499999999999998
0 0.0225 0.9375 0.045 0.10499999999999998
0 0.9575 0.7725 0.07499999999999996 0.2549999999999999
0 0.1275 0.8475 0.14500000000000002 0.11499999999999999
0 0.23 0.1225 0.29 0.235
0 0.1125 0.32499999999999996 0.145 0.30999999999999994
0 0.73 0.075 0.21999999999999997 0.09
0 0.935 0.4725 0.09000000000000008 0.275
0 0.3775 0.05 0.265 0.1
0 0.81 0.955 0.09000000000000008 0.09000000000000008
0 0.93 0.21250000000000002 0.1399999999999999 0.12500000000000003
0 0.26 0.685 0.17999999999999997 0.3599999999999999
0 0.885 0.8375 0.1299999999999999 0.21500000000000008
0 0.785 0.3275 0.24 0.31499999999999995
0 0.0675 0.97 0.135 0.06000000000000005
0 0.6275 0.1025 0.135 0.185
0 0.13 0.6725 0.2 0.2649999999999999
0 0.56 0.9225 0.14000000000000007 0.15500000000000003
0 0.0425 0.4775 0.085 0.28500000000000003
0 0.8575 0.6225 0.2849999999999999 0.345
0 0.8225 0.049999999999999996 0.2849999999999999 0.07999999999999999
0 0.41999999999999993 0.96 0.24999999999999994 0.08000000000000007
0 0.2275 0.9675 0.175 0.06499999999999995
0 0.52 0.0525 0.14999999999999997 0.075
0 0.025 0.0925 0.05 0.185
0 0.5175 0.1325 0.45500000000000007 0.265
0 0.07 0.8275 0.14 0.29499999999999993
0 0.5174999999999998 0.565 0.5349999999999999 0.73
0 0.26 0.89 0.08999999999999997 0.16999999999999993
0 0.115 0.125 0.22 0.17000000000000004
0 0.97 0.705 0.050000000000000044 0.26
0 0.92 0.2725000000000001 0.1499999999999999 0.30500000000000005
0 0.26 0.5075 0.26 0.29499999999999993
0 0.595 0.355 0.48 0.16000000000000003
0 0.92 0.895 0.1499999999999999 0.16999999999999993
