0 0.905 0.5325 0.1200000000000001 0.41500000000000004
0 0.7925 0.7575 0.2250000000000001 0.2350000000000001
0 0.74 0.92 0.28 0.1399999999999999
0 0.83 0.18499999999999997 0.31000000000000005 0.31999999999999995
0 0.09 0.235 0.18 0.36
0 0.07 0.85 0.14 0.30000000000000004
0 0.22 0.9175 0.29 0.16500000000000004
0 0.44 0.09 0.39 0.18
0 0.4875 0.9275 0.30500000000000005 0.14500000000000002
0 0.25750000000000006 0.2899999999999999 0.32500000000000007 0.31999999999999995
0 0.77 0.1025 0.1499999999999999 0.185
0 0.3025 0.675 0.2849999999999999 0.22999999999999998
0 0.89 0.8725 0.19999999999999996 0.2549999999999999
0 0.52 0.275 0.12000000000000005 0.33000000000000007
0 0.0775 0.55 0.155 0.22999999999999998
0 0.175 0.09999999999999999 0.08999999999999997 0.15999999999999998
0 0.62 0.035 0.17999999999999994 0.07
0 0.9625 0.055 0.07499999999999996 0.11
0 0.76 0.4775 0.1100000000000001 0.32500000000000007
0 0.92 0.3425 0.11999999999999988 0.29499999999999993
0 0.66 0.35250000000000004 0.18999999999999995 0.3350000000000001
0 0.6225 0.7775 0.18500000000000005 0.30499999999999994
0 0.945 0.9575 0.09000000000000008 0.06499999999999995
0 0.5925 0.56 0.15500000000000003 0.18999999999999995
0 0.0775 0.0775 0.155 0.155
0 0.965 0.8475 0.040000000000000036 0.18500000000000005
0 0.0925 0.425 0.065 0.35
0 0.6225 0.135 0.23499999999999988 0.27
0 0.225 0.04 0.27 0.07
0 0.33 0.46499999999999997 0.20000000000000004 0.27999999999999997
0 0.8725 0.0825 0.20500000000000007 0.165
0 0.39 0.285 0.07000000000000006 0.20000000000000004
0 0.9825 0.915 0.02499999999999991 0.16999999999999993
0 0.95 0.5875 0.09000000000000008 0.2849999999999999
0 0.955 0.2475 0.07000000000000006 0.235
0 0.23500000000000001 0.675 0.31000000000000005 0.41999999999999993
0 0.05 0.96 0.1 0.08000000000000007
0 0.48 0.835 0.17999999999999994 0.33000000000000007
0 0.69 0.525 0.1100000000000001 0.25
0 0.04 0.3825 0.08 0.255
0 0.6875 0.9575 0.18500000000000005 0.07499999999999996
0 0.9275 0.8275 0.10499999999999998 0.15500000000000003
0 0.53 0.58 0.5699999999999998 0.75
0 0.5175 0.46 0.044999999999999984 0.19000000000000006
0 0.865 0.95 0.15999999999999992 0.08000000000000007
0 0.20499999999999996 0.1125 0.15999999999999998 0.08499999999999999
0 0.0575 0.5325 0.065 0.17500000000000004
0 0.019999999999999997 0.6425 0.019999999999999997 0.16500000000000004
0 0.635 0.08000000000000002 0.14000000000000012 0.12000000000000001
0 0.965 0.735 0.07000000000000006 0.11999999999999988
0 0.0425 0.0375 0.085 0.075
0 0.235 0.4625 0.12 0.33499999999999996
0 0.7775 0.6275 0.16500000000000004 0.31499999999999995
0 0.2625 0.955 0.22499999999999998 0.09000000000000008
0 0.7725 0.25 0.014999999999999902 0.07999999999999999
0 0.049999999999999996 0.7825 0.07999999999999999 0.2549999999999999
0 0.0425 0.14250000000000002 0.075 0.22500000000000003
0 0.3825 0.4125 0.08499999999999996 0.09499999999999997
0 0.355 0.825 0.18999999999999995 0.33000000000000007
0 0.7425 0.8975 0.14500000000000002 0.20500000000000007
0 0.0175 0.51 0.025 0.15999999999999998
0 0.7375 0.0325 0.17500000000000004 0.065
0 0.59 0.975 0.09000000000000008 0.050000000000000044
0 0.3425 0.0525 0.255 0.105
0 0.69 0.6675 0.09000000000000008 0.135
0 0.53 0.23500000000000001 0.24 0.3400000000000001
0 0.4575 0.455 0.14500000000000002 0.16000000000000003
0 0.0875 0.6725 0.175 0.31499999999999995
0 0.7275 0.81 0.135 0.10000000000000009
0 0.835 0.465 0.17999999999999994 0.4
0 0.52 0.95 0.17999999999999994 0.10000000000000009
0 0.9525 0.11999999999999998 0.06499999999999995 0.22999999999999998
0 0.98 0.795 0.040000000000000036 0.09000000000000008
0 0.5225 0.055 0.19500000000000006 0.1
0 0.21750000000000003 0.175 0.21500000000000002 0.28
0 0.0325 0.405 0.05499999999999999 0.13
0 0.5975 0.5075 0.09499999999999997 0.17500000000000004
0 0.8425 0.71 0.10499999999999998 0.15999999999999992
0 0.8325 0.0425 0.2250000000000001 0.085
0 0.975 0.66 0.040000000000000036 0.20999999999999996
0 0.9825 0.045 0.03499999999999992 0.09
0 0.99 0.8925 0.020000000000000018 0.21500000000000008
0 0.135 0.9575 0.27 0.08499999999999996
0 0.08249999999999999 0.27 0.08499999999999999 0.54
0 0.25 0.38 0.21999999999999997 0.25
0 0.4175 0.7925 0.2849999999999999 0.14500000000000002
0 0.3825 0.24 0.10499999999999998 0.10999999999999999
0 0.8175 0.2875 0.2350000000000001 0.275
0 0.9275 0.91 0.135 0.1499999999999999
0 0.06 0.66 0.12 0.13000000000000012
0 0.6525 0.7775 0.11499999999999999 0.16500000000000004
0 0.56 0.495 0.17999999999999994 0.38999999999999996
0 0.12499999999999999 0.0525 0.20999999999999996 0.085
0 0.94 0.0325 0.07000000000000006 0.065
0 0.1825 0.5825 0.18500000000000003 0.26500000000000007
0 0.39 0.94 0.17000000000000004 0.1200000000000001
0 0.385 0.4525 0.07999999999999996 0.09499999999999997
0 0.9475 0.3675 0.08499999999999996 0.22499999999999998
0 0.68 0.0925 0.06000000000000005 0.185
0 0.4925 0.8725 0.245 0.11499999999999999
0 0.765 0.93 0.15999999999999992 0.1100000000000001
0 0.93 0.665 0.1399999999999999 0.37999999999999995
0 0.585 0.9375 0.1299999999999999 0.125
0 0.715 0.425 0.1499999999999999 0.35
0 0.98 0.9525 0.040000000000000036 0.09499999999999997
0 0.125 0.775 0.2 0.30000000000000004
0 0.045 0.2675 0.09 0.245
0 0.6225 0.05 0.125 0.05000000000000001
0 0.6075 0.6725 0.19500000000000006 0.2250000000000001
0 0.125 0.4125 0.12 0.44500000000000006
0 0.945 0.77 0.1100000000000001 0.10000000000000009
0 0.9425 0.24 0.09499999999999997 0.13
0 0.020000000000000004 0.565 0.030000000000000002 0.20999999999999996
0 0.6375 0.3575 0.5249999999999999 0.11499999999999999
0 0.0725 0.9225 0.125 0.15500000000000003
0 0.37 0.35749999999999993 0.21999999999999997 0.42499999999999993
0 0.3225 0.5925 0.17500000000000002 0.33499999999999996
0 0.7425 0.6825 0.15500000000000003 0.19500000000000006
0 0.915 0.14 0.15999999999999992 0.28
0 0.6175 0.7975 0.2849999999999999 0.17500000000000004
0 0.045 0.085 0.06 0.15
0 0.3474999999999999 0.1375 0.3549999999999999 0.275
0 0.38 0.3325 0.09999999999999998 0.18500000000000003
0 0.2625 0.7825 0.20499999999999996 0.33499999999999996
0 0.6775 0.5775 0.18500000000000005 0.23500000000000004
0 0.945 0.4775 0.1100000000000001 0.275
0 0.79 0.84 0.1499999999999999 0.17999999999999994
0 0.8375 0.92 0.14500000000000002 0.1399999999999999
0 0.675 0.0375 0.1200000000000001 0.075
0 0.9625 0.94 0.06499999999999995 0.1200000000000001
