0 0.0725 0.925 0.145 0.1499999999999999
0 0.0825 0.8175 0.165 0.14500000000000002
0 0.855 0.1425 0.29000000000000004 0.285
0 0.12499999999999999 0.0525 0.21999999999999997 0.105
0 0.085 0.71 0.17 0.1499999999999999
0 0.0675 0.525 0.135 0.13999999999999996
0 0.685 0.8675 0.28 0.2550000000000001
0 0.225 0.175 0.15999999999999998 0.25
0 0.38250000000000006 0.8625 0.30500000000000005 0.2650000000000001
0 0.0725 0.14500000000000002 0.135 0.22000000000000003
0 0.18249999999999997 0.36 0.33499999999999996 0.20999999999999996
0 0.9125 0.05 0.14500000000000002 0.1
0 0.6175 0.085 0.44500000000000006 0.15
0 0.9375 0.7725 0.125 0.2549999999999999
0 0.175 0.955 0.20999999999999996 0.09000000000000008
0 0.9275 0.9625 0.11499999999999999 0.07499999999999996
0 0.8425 0.525 0.17500000000000004 0.24
0 0.9 0.3175 0.13000000000000012 0.07499999999999996
0 0.82 0.92 0.17999999999999994 0.15999999999999992
0 0.3675 0.9625 0.14500000000000002 0.07499999999999996
0 0.455 0.555 0.17000000000000004 0.13999999999999996
0 0.0425 0.0375 0.085 0.075
0 0.925 0.4225 0.1299999999999999 0.18500000000000005
0 0.6775 0.2625 0.09499999999999997 0.11499999999999999
0 0.6775 0.9625 0.17500000000000004 0.07499999999999996
0 0.2725 0.6775 0.20499999999999996 0.19500000000000006
0 0.5275 0.96 0.14500000000000002 0.08000000000000007
0 0.77 0.0425 0.17999999999999994 0.085
0 0.21250000000000002 0.055 0.10500000000000001 0.08
0 0.06 0.3325 0.07 0.21499999999999997
0 0.93 0.905 0.10000000000000009 0.10000000000000009
0 0.21999999999999997 0.48249999999999993 0.24999999999999997 0.12499999999999994
0 0.38 0.16 0.14 0.12
0 0.205 0.565 0.09000000000000002 0.07000000000000006
0 0.935 0.64 0.1299999999999999 0.1499999999999999
0 0.21000000000000002 0.245 0.13000000000000003 0.04000000000000001
0 0.9325 0.20750000000000002 0.135 0.11500000000000002
0 0.22000000000000003 0.1475 0.12000000000000002 0.065
0 0.975 0.07 0.050000000000000044 0.14
0 0.035 0.69 0.07 0.07000000000000006
0 0.5225 0.28 0.23499999999999993 0.26
0 0.265 0.72 0.08999999999999997 0.1299999999999999
0 0.5125 0.78 0.14500000000000002 0.06000000000000005
0 0.3125 0.5375 0.07499999999999996 0.125
0 0.0625 0.16499999999999998 0.065 0.16999999999999998
0 0.515 0.0575 0.16999999999999998 0.115
0 0.315 0.025 0.13 0.05
0 0.785 0.3175 0.20999999999999996 0.16500000000000004
0 0.5125 0.6825 0.5449999999999999 0.615
0 0.0575 0.56 0.105 0.10000000000000009
0 0.8375 0.6775 0.20500000000000007 0.2549999999999999
0 0.07500000000000001 0.4275 0.12000000000000001 0.135
0 0.2275 0.77 0.065 0.07000000000000006
0 0.9725 0.015 0.05499999999999994 0.03
0 0.05 0.945 0.1 0.08000000000000007
0 0.6375 0.545 0.09499999999999997 0.08000000000000007
0 0.9575 0.32 0.08499999999999996 0.16000000000000003
0 0.415 0.06 0.12 0.07
0 0.225 0.8675 0.32 0.2649999999999999
0 0.7325 0.165 0.09499999999999997 0.14
0 0.8375 0.9625 0.09499999999999997 0.05499999999999994
0 0.28 0.3425 0.08999999999999997 0.07499999999999996
0 0.6725 0.4125 0.19500000000000006 0.22500000000000003
0 0.29 0.265 0.15000000000000002 0.07999999999999999
0 0.29 0.065 0.14 0.08000000000000002
0 0.72 0.6275 0.1100000000000001 0.07499999999999996
0 0.1225 0.6375 0.235 0.125
0 0.3925 0.415 0.125 0.06999999999999995
0 0.535 0.865 0.19999999999999996 0.27
0 0.1825 0.77 0.08500000000000002 0.14000000000000012
0 0.5025 0.235 0.06499999999999995 0.060000000000000026
0 0.2675 0.975 0.11499999999999999 0.050000000000000044
0 0.98 0.9275 0.040000000000000036 0.11499999999999999
0 0.0125 0.845 0.015 0.09000000000000008
0 0.1625 0.0225 0.05499999999999999 0.035
0 0.6675 0.035 0.125 0.07
0 0.0525 0.815 0.105 0.1100000000000001
0 0.41 0.0175 0.09999999999999998 0.035
0 0.2825 0.8025 0.05500000000000005 0.08499999999999996
0 0.2875 0.585 0.08499999999999999 0.10000000000000009
0 0.94 0.8325 0.10000000000000009 0.135
0 0.77 0.7925 0.17999999999999994 0.30499999999999994
0 0.315 0.135 0.26 0.27
0 0.0275 0.1125 0.045 0.175
0 0.97 0.58 0.06000000000000005 0.1100000000000001
0 0.8775 0.0875 0.17500000000000004 0.175
0 0.56 0.375 0.14999999999999997 0.09999999999999998
0 0.3775 0.905 0.275 0.10000000000000009
0 0.1375 0.1275 0.10499999999999998 0.11499999999999999
0 0.9775 0.21250000000000002 0.04499999999999993 0.12500000000000003
0 0.0225 0.48749999999999993 0.045 0.14499999999999996
0 0.34 0.3375 0.20999999999999996 0.2849999999999999
0 0.015 0.96 0.03 0.07000000000000006
0 0.3875 0.5375 0.125 0.11499999999999999
0 0.1625 0.9725 0.135 0.05499999999999994
0 0.02 0.645 0.04 0.1100000000000001
0 0.3375 0.6725 0.09499999999999997 0.135
0 0.0425 0.025 0.085 0.03
0 0.6675 0.2275 0.2549999999999999 0.195
0 0.48750000000000004 0.0225 0.11500000000000005 0.045
0 0.48249999999999993 0.23250000000000004 0.16499999999999998 0.13500000000000004
0 0.9675 0.4825 0.06499999999999995 0.18499999999999994
0 0.03 0.245 0.06 0.19999999999999998
0 0.85 0.37 0.19999999999999996 0.09999999999999998
0 0.6575 0.105 0.14500000000000002 0.13
0 0.1725 0.0425 0.10499999999999998 0.045
0 0.74 0.5275 0.20999999999999996 0.32499999999999996
0 0.7875 0.025 0.09499999999999997 0.05
0 0.035 0.58 0.06 0.07000000000000006
0 0.885 0.037500000000000006 0.1100000000000001 0.05500000000000001
0 0.2575 0.5575 0.06500000000000003 0.10499999999999998
0 0.8175 0.6125 0.135 0.08499999999999996
0 0.0875 0.72 0.10499999999999998 0.09000000000000008
0 0.16 0.21250000000000002 0.14 0.12500000000000003
0 0.78 0.9625 0.18999999999999995 0.07499999999999996
0 0.0225 0.86 0.045 0.1499999999999999
0 0.635 0.59 0.09000000000000008 0.11999999999999988
0 0.21250000000000002 0.9125 0.12500000000000003 0.14500000000000002
0 0.215 0.025 0.09000000000000002 0.05
0 0.21 0.7175 0.06 0.135
0 0.945 0.6725 0.10000000000000009 0.07499999999999996
0 0.5025 0.5075 0.375 0.26499999999999996
0 0.34 0.18 0.12 0.10999999999999999
0 0.21000000000000002 0.235 0.11000000000000001 0.030000000000000027
0 0.385 0.9675 0.07000000000000006 0.06499999999999995
0 0.5925 0.035 0.14500000000000002 0.07
0 0.5625 0.735 0.43500000000000005 0.20999999999999996
0 0.965 0.10500000000000001 0.06000000000000005 0.11000000000000001
0 0.2075 0.575 0.05499999999999999 0.1200000000000001
0 0.135 0.0175 0.12 0.035
0 0.1375 0.8925 0.11499999999999999 0.14500000000000002
0 0.06249999999999999 0.9725 0.11499999999999999 0.05499999999999994
0 0.3875 0.1075 0.10499999999999998 0.135
0 0.58 0.955 0.15999999999999998 0.09000000000000008
0 0.02 0.5525 0.04 0.07499999999999996
0 0.17499999999999996 0.23500000000000001 0.2899999999999999 0.29000000000000004
0 0.2125 0.5775 0.295 0.15500000000000003
0 0.265 0.8 0.05000000000000002 0.07000000000000006
0 0.9125 0.5425 0.17500000000000004 0.23499999999999993
0 0.855 0.9225 0.06000000000000005 0.135
0 0.9775 0.025 0.03499999999999992 0.05
0 0.945 0.8725 0.08000000000000007 0.09499999999999997
0 0.037500000000000006 0.7225 0.05500000000000001 0.15500000000000003
0 0.9025 0.2225 0.19500000000000006 0.305
0 0.76 0.105 0.1299999999999999 0.17
0 0.535 0.785 0.11000000000000004 0.11999999999999988
0 0.875 0.7775 0.20999999999999996 0.20500000000000007
0 0.8375 0.05999999999999999 0.09499999999999997 0.10999999999999999
0 0.18 0.43 0.26 0.19000000000000006
0 0.3625 0.9125 0.08499999999999996 0.17500000000000004
0 0.5125 0.39 0.17500000000000004 0.36000000000000004
0 0.16500000000000004 0.775 0.23000000000000004 0.22999999999999998
0 0.7375 0.0225 0.11499999999999999 0.045
0 0.6775 0.21250000000000002 0.09499999999999997 0.12500000000000003
0 0.9625 0.955 0.07499999999999996 0.09000000000000008
0 0.285 0.6625 0.09999999999999998 0.125
0 0.0675 0.3575 0.135 0.18499999999999994
0 0.49 0.085 0.10000000000000003 0.14
0 0.26 0.14749999999999996 0.14 0.14499999999999996
0 0.09 0.22000000000000003 0.07 0.23000000000000004
0 0.9525 0.375 0.06499999999999995 0.18999999999999995
0 0.6325 0.91 0.21500000000000008 0.17999999999999994
0 0.5025 0.2 0.5449999999999999 0.4
0 0.11249999999999999 0.6675 0.12499999999999999 0.11499999999999999
0 0.31999999999999995 0.475 0.29999999999999993 0.21999999999999997
0 0.2275 0.2475 0.09500000000000003 0.10499999999999998
0 0.065 0.0175 0.1 0.035
0 0.2725 0.9625 0.20499999999999996 0.07499999999999996
0 0.8225 0.2725 0.21500000000000008 0.19499999999999998
0 0.9325 0.025 0.11499999999999999 0.05
0 0.96 0.185 0.07000000000000006 0.13
0 0.6775 0.6325 0.30499999999999994 0.29499999999999993
0 0.2725 0.0625 0.235 0.125
0 0.33 0.7225 0.21999999999999997 0.2350000000000001
0 0.05499999999999999 0.43 0.05999999999999999 0.17000000000000004
0 0.48 0.91 0.21999999999999997 0.17999999999999994
0 0.34 0.5175 0.10999999999999999 0.135
0 0.95 0.7325 0.08000000000000007 0.24499999999999988
0 0.0875 0.58 0.11499999999999999 0.13000000000000012
0 0.045 0.77 0.09 0.14000000000000012
0 0.025 0.9275 0.05 0.14500000000000002
0 0.08 0.0825 0.16 0.165
0 0.215 0.7875 0.07 0.11499999999999999
0 0.8275 0.44000000000000006 0.21500000000000008 0.26000000000000006
0 0.87 0.965 0.1499999999999999 0.07000000000000006
0 0.3675 0.0425 0.19499999999999995 0.085
0 0.915 0.3725 0.1100000000000001 0.125
0 0.6175 0.275 0.18500000000000005 0.22999999999999998
0 0.1325 0.525 0.265 0.17999999999999994
0 0.1625 0.7375 0.11499999999999999 0.16500000000000004
0 0.91 0.1275 0.1399999999999999 0.14500000000000002
