0 0.8225 0.12 0.2849999999999999 0.24
0 0.08999999999999998 0.7825 0.16999999999999998 0.2849999999999999
0 0.0775 0.33 0.145 0.21999999999999997
0 0.5075 0.33999999999999997 0.31499999999999995 0.32999999999999996
0 0.905 0.53 0.18999999999999995 0.30000000000000004
0 0.93 0.2775 0.1100000000000001 0.245
0 0.365 0.685 0.22999999999999998 0.32000000000000006
0 0.11 0.055 0.15 0.11
0 0.9075 0.9225 0.18500000000000005 0.15500000000000003
0 0.065 0.9575 0.13 0.08499999999999996
0 0.3325 0.91 0.30499999999999994 0.17999999999999994
0 0.6775 0.065 0.17500000000000004 0.12
0 0.7825 0.6275 0.33499999999999996 0.355
0 0.04250000000000001 0.8275 0.05500000000000001 0.06499999999999995
0 0.955 0.16499999999999998 0.09000000000000008 0.14999999999999997
0 0.1175 0.5875 0.235 0.25500000000000006
0 0.9425 0.04 0.11499999999999999 0.08
0 0.0175 0.095 0.035 0.19
0 0.275 0.0725 0.28 0.095
0 0.525 0.6625 0.16999999999999998 0.32499999999999996
0 0.96 0.7725 0.08000000000000007 0.17500000000000004
0 0.1825 0.9325 0.10499999999999998 0.09499999999999997
0 0.97 0.965 0.06000000000000005 0.07000000000000006
0 0.5275 0.135 0.29499999999999993 0.22999999999999998
0 0.305 0.805 0.20000000000000004 0.1499999999999999
0 0.3175 0.5175 0.44500000000000006 0.355
0 0.55 0.8825 0.39000000000000007 0.2350000000000001
0 0.88 0.3325 0.16999999999999993 0.255
0 0.085 0.41 0.1 0.15000000000000002
0 0.1875 0.18 0.275 0.22999999999999998
0 0.8275 0.04 0.20500000000000007 0.08
0 0.53 0.06249999999999999 0.07000000000000006 0.10499999999999998
0 0.68 0.3325 0.08000000000000007 0.19500000000000003
0 0.6 0.735 0.09000000000000008 0.21999999999999997
0 0.64 0.96 0.17999999999999994 0.08000000000000007
0 0.9575 0.695 0.05499999999999994 0.10000000000000009
0 0.9525 0.47 0.07499999999999996 0.25
0 0.2825 0.9625 0.19500000000000003 0.07499999999999996
0 0.0325 0.0175 0.065 0.035
0 0.3125 0.3125 0.10499999999999998 0.07499999999999996
0 0.04 0.7325 0.08 0.11499999999999999
0 0.98 0.2725 0.040000000000000036 0.21499999999999997
0 0.6575 0.025 0.10499999999999998 0.05
0 0.1125 0.8825 0.165 0.17500000000000004
0 0.21250000000000002 0.3275 0.11500000000000002 0.135
0 0.7675 0.91 0.21500000000000008 0.17999999999999994
0 0.0225 0.86 0.045 0.11999999999999988
0 0.0425 0.1775 0.085 0.20499999999999996
0 0.7075 0.4375 0.11499999999999999 0.16500000000000004
0 0.3575 0.6975 0.16500000000000004 0.135
0 0.9825 0.43 0.03499999999999992 0.07999999999999996
0 0.0425 0.48 0.085 0.25
0 0.975 0.9 0.050000000000000044 0.1399999999999999
0 0.21500000000000002 0.015 0.14000000000000004 0.03
0 0.145 0.4075 0.13 0.22500000000000003
0 0.77 0.2075 0.26 0.355
0 0.8725 0.735 0.2549999999999999 0.26
0 0.0225 0.95 0.045 0.08000000000000007
0 0.46 0.065 0.10999999999999999 0.13
0 0.27 0.7425 0.060000000000000026 0.08499999999999996
0 0.5575 0.0175 0.10499999999999998 0.035
0 0.05 0.83 0.05000000000000001 0.030000000000000027
0 0.0675 0.065 0.08500000000000002 0.13
0 0.35 0.5 0.050000000000000044 0.41999999999999993
0 0.305 0.93 0.07999999999999996 0.09000000000000008
0 0.024999999999999998 0.27 0.039999999999999994 0.19999999999999998
0 0.4325 0.9175 0.14500000000000002 0.16500000000000004
0 0.8325 0.0375 0.08499999999999996 0.065
0 0.9275 0.37 0.11499999999999999 0.12
0 0.1925 0.975 0.08500000000000002 0.050000000000000044
0 0.0375 0.81 0.045 0.040000000000000036
0 0.6275 0.2825 0.17500000000000004 0.41500000000000004
0 0.61 0.82 0.17999999999999994 0.1100000000000001
0 0.925 0.68 0.09000000000000008 0.1100000000000001
0 0.4025 0.76 0.14500000000000002 0.1200000000000001
0 0.335 0.265 0.20000000000000004 0.35
0 0.615 0.665 0.3400000000000001 0.17999999999999994
0 0.94 0.11750000000000001 0.1200000000000001 0.15500000000000003
0 0.88 0.9625 0.20999999999999996 0.07499999999999996
0 0.3775 0.05 0.17499999999999993 0.1
0 0.975 0.8075 0.040000000000000036 0.15500000000000003
0 0.2775 0.5875 0.235 0.2849999999999999
0 0.7925 0.20499999999999996 0.15500000000000003 0.15999999999999998
0 0.9625 0.025 0.07499999999999996 0.05
0 0.97 0.61 0.06000000000000005 0.20999999999999996
0 0.755 0.0375 0.13000000000000012 0.075
0 0.5975 0.6275 0.07499999999999996 0.2250000000000001
0 0.1375 0.34 0.275 0.28
0 0.575 0.065 0.14999999999999997 0.13
0 0.095 0.98 0.19 0.040000000000000036
0 0.83 0.825 0.29000000000000004 0.17999999999999994
0 0.125 0.13 0.18 0.21999999999999997
0 0.49749999999999994 0.5075 0.36499999999999994 0.26499999999999996
0 0.465 0.2175 0.30999999999999994 0.285
0 0.0425 0.6725 0.085 0.20500000000000007
0 0.315 0.9775 0.15000000000000002 0.04499999999999993
0 0.0625 0.92 0.125 0.08000000000000007
0 0.5475 0.9375 0.26499999999999996 0.125
0 0.0125 0.1325 0.025 0.125
0 0.7825 0.4775 0.2849999999999999 0.485
0 0.9775 0.2425 0.04499999999999993 0.10499999999999998
0 0.3375 0.3275 0.135 0.11499999999999999
0 0.68 0.9675 0.1399999999999999 0.06499999999999995
0 0.865 0.3525 0.14000000000000012 0.125
0 0.175 0.8275 0.22999999999999998 0.20500000000000007
0 0.16 0.9575 0.07 0.08499999999999996
0 0.9375 0.8925 0.11499999999999999 0.09499999999999997
0 0.0175 0.8125 0.035 0.21500000000000008
0 0.8875 0.11 0.14500000000000002 0.13
0 0.02 0.0225 0.04 0.045
0 0.5075 0.065 0.05499999999999999 0.13
0 0.915 0.025 0.1100000000000001 0.05
0 0.09749999999999999 0.6275 0.14499999999999996 0.32499999999999996
0 0.92 0.625 0.13000000000000012 0.20999999999999996
0 0.6275 0.725 0.345 0.13000000000000012
0 0.8 0.8675 0.14000000000000012 0.17500000000000004
0 0.815 0.0225 0.1100000000000001 0.045
0 0.33 0.085 0.22999999999999998 0.17
0 0.5074999999999998 0.5349999999999999 0.5149999999999999 0.8299999999999998
0 0.3825 0.9275 0.14500000000000002 0.14500000000000002
0 0.4025 0.67 0.14500000000000002 0.1499999999999999
0 0.0525 0.365 0.075 0.28
0 0.92 0.4725 0.10000000000000009 0.29500000000000004
0 0.0425 0.975 0.085 0.050000000000000044
0 0.53 0.0225 0.07000000000000006 0.045
0 0.8625 0.225 0.20500000000000007 0.2
0 0.1325 0.84 0.125 0.11999999999999988
0 0.9275 0.96 0.14500000000000002 0.06000000000000005
0 0.67 0.4125 0.29000000000000004 0.29499999999999993
0 0.2375 0.945 0.135 0.09000000000000008
0 0.1775 0.065 0.235 0.13
0 0.675 0.91 0.29000000000000004 0.11999999999999988
0 0.0375 0.075 0.075 0.14
0 0.655 0.04 0.1299999999999999 0.08
0 0.955 0.3175 0.09000000000000008 0.20499999999999996
0 0.61 0.5925 0.36000000000000004 0.15500000000000003
0 0.1075 0.4625 0.165 0.135
0 0.915 0.73 0.14000000000000012 0.16999999999999993
0 0.9675 0.11999999999999998 0.05499999999999994 0.21999999999999997
0 0.7825 0.08 0.2549999999999999 0.14
0 0.525 0.09749999999999999 0.17999999999999994 0.15499999999999997
0 0.08 0.2325 0.16 0.275
0 0.365 0.8425 0.47 0.15500000000000003
