0 0.5425 0.93 0.31499999999999995 0.1399999999999999
0 0.18 0.8875 0.21999999999999997 0.2250000000000001
0 0.047499999999999994 0.19 0.07499999999999998 0.19000000000000003
0 0.7925 0.92 0.2749999999999999 0.15999999999999992
0 0.82 0.13 0.33000000000000007 0.26
0 0.08 0.06 0.16 0.12
0 0.925 0.06 0.1499999999999999 0.1
0 0.7925 0.775 0.32499999999999996 0.33000000000000007
0 0.9525 0.9275 0.08499999999999996 0.125
0 0.0825 0.8725 0.135 0.2549999999999999
0 0.27 0.275 0.16000000000000003 0.24
0 0.065 0.37750000000000006 0.12 0.3350000000000001
0 0.8825 0.4175 0.2350000000000001 0.2849999999999999
0 0.51 0.2675 0.6099999999999999 0.535
0 0.09 0.625 0.18 0.29000000000000004
0 0.9425 0.735 0.07499999999999996 0.3400000000000001
0 0.18249999999999997 0.1225 0.29499999999999993 0.195
0 0.59 0.0875 0.29000000000000004 0.175
0 0.48250000000000004 0.835 0.36500000000000005 0.29000000000000004
0 0.21250000000000002 0.9275 0.12500000000000003 0.14500000000000002
0 0.96 0.2675 0.08000000000000007 0.235
0 0.53 0.29499999999999993 0.17999999999999994 0.2899999999999999
0 0.1675 0.36750000000000005 0.175 0.30500000000000005
0 0.28 0.045 0.26 0.09
0 0.9825 0.3025 0.014999999999999902 0.15500000000000003
0 0.59 0.5875 0.54 0.30499999999999994
0 0.9175 0.5875 0.16500000000000004 0.21500000000000002
0 0.7825 0.047499999999999994 0.23499999999999988 0.08499999999999999
0 0.3225 0.9525 0.17500000000000002 0.09499999999999997
0 0.98 0.4175 0.010000000000000009 0.18500000000000005
0 0.4175 0.09249999999999999 0.14500000000000002 0.14499999999999996
0 0.54 0.9625 0.20999999999999996 0.07499999999999996
0 0.3775 0.25 0.11499999999999999 0.18999999999999997
0 0.71 0.4925 0.14000000000000012 0.255
0 0.3125 0.67 0.21499999999999997 0.33000000000000007
0 0.535 0.6325 0.14999999999999997 0.135
0 0.0775 0.96 0.155 0.08000000000000007
0 0.6075 0.77 0.125 0.15999999999999992
0 0.7675 0.24 0.355 0.22999999999999998
0 0.7175 0.7675 0.135 0.15500000000000003
0 0.04000000000000001 0.7875 0.060000000000000005 0.29499999999999993
0 0.025 0.37250000000000005 0.05 0.32500000000000007
0 0.9625 0.0275 0.07499999999999996 0.055
0 0.2875 0.12 0.16500000000000004 0.14
0 0.975 0.26 0.010000000000000009 0.25
0 0.21250000000000002 0.02 0.10500000000000001 0.04
0 0.495 0.0375 0.13999999999999996 0.075
0 0.0225 0.03 0.045 0.06
0 0.59 0.0225 0.1100000000000001 0.045
0 0.045 0.16999999999999998 0.020000000000000004 0.14999999999999997
0 0.8775 0.9375 0.2250000000000001 0.125
0 0.6425 0.9725 0.06499999999999995 0.05499999999999994
0 0.9575 0.46 0.05499999999999994 0.20000000000000007
0 0.975 0.965 0.050000000000000044 0.07000000000000006
0 0.16499999999999998 0.175 0.14999999999999997 0.08999999999999997
0 0.9325 0.1875 0.135 0.135
0 0.0925 0.5775 0.07500000000000001 0.49499999999999994
0 0.86 0.815 0.1499999999999999 0.15999999999999992
0 0.715 0.975 0.1399999999999999 0.050000000000000044
0 0.6875 0.03 0.135 0.06
0 0.03 0.9625 0.06 0.04499999999999993
0 0.2375 0.4725 0.125 0.585
0 0.9625 0.825 0.07499999999999996 0.19999999999999996
0 0.14749999999999996 0.7525 0.16499999999999998 0.15500000000000003
0 0.04499999999999999 0.0575 0.07999999999999999 0.115
0 0.485 0.5525 0.15999999999999998 0.23499999999999993
0 0.965 0.0175 0.07000000000000006 0.015
0 0.2425 0.8425 0.125 0.125
0 0.1375 0.0225 0.14500000000000002 0.045
0 0.93 0.3325 0.09000000000000008 0.19500000000000003
0 0.255 0.96 0.10999999999999999 0.08000000000000007
0 0.635 0.67 0.15999999999999992 0.16999999999999993
0 0.3675 0.91 0.125 0.1499999999999999
0 0.6425 0.89 0.19500000000000006 0.21999999999999997
0 0.98 0.36 0.040000000000000036 0.16000000000000003
0 0.0875 0.25 0.175 0.13
0 0.3475 0.3175 0.10499999999999998 0.18500000000000003
0 0.0275 0.6925 0.055 0.19500000000000006
0 0.64 0.27 0.26 0.19999999999999998
0 0.9775 0.0575 0.04499999999999993 0.115
0 0.8375 0.4575 0.17500000000000004 0.47500000000000003
0 0.44 0.1325 0.14 0.07500000000000001
0 0.025 0.49249999999999994 0.05 0.16499999999999998
0 0.34 0.7675 0.17000000000000004 0.16500000000000004
0 0.9325 0.685 0.135 0.19999999999999996
0 0.05 0.91 0.09 0.17999999999999994
0 0.4225 0.9575 0.21500000000000002 0.08499999999999996
0 0.21000000000000002 0.265 0.14000000000000004 0.15000000000000002
0 0.2 0.555 0.4 0.27
0 0.5825 0.0675 0.375 0.08500000000000002
0 0.0275 0.155 0.055 0.12
0 0.3675 0.035 0.235 0.07
0 0.635 0.1475 0.73 0.08500000000000002
0 0.735 0.95 0.26 0.10000000000000009
0 0.5325 0.5725 0.565 0.7450000000000001
0 0.125 0.0775 0.19 0.155
0 0.95 0.1725 0.08000000000000007 0.21499999999999997
0 0.71 0.565 0.16999999999999993 0.18999999999999995
0 0.9525 0.4875 0.09499999999999997 0.19499999999999995
0 0.215 0.935 0.15999999999999998 0.07000000000000006
0 0.7325 0.395 0.2350000000000001 0.27
0 0.935 0.9625 0.1100000000000001 0.07499999999999996
0 0.1125 0.31999999999999995 0.155 0.29999999999999993
0 0.8225 0.0775 0.29499999999999993 0.135
0 0.39 0.77 0.24 0.3400000000000001
0 0.54 0.405 0.21999999999999997 0.4099999999999999
0 0.315 0.26750000000000007 0.19000000000000003 0.3350000000000001
0 0.1275 0.73 0.14500000000000002 0.44999999999999996
0 0.9725 0.285 0.02499999999999991 0.19000000000000003
0 0.0425 0.27 0.075 0.19999999999999998
0 0.87 0.72 0.26 0.29000000000000004
0 0.52 0.0625 0.14000000000000007 0.125
0 0.0575 0.63 0.075 0.3400000000000001
0 0.045 0.975 0.09 0.050000000000000044
0 0.0375 0.025 0.065 0.05
0 0.975 0.4525 0.030000000000000027 0.22500000000000003
0 0.635 0.965 0.16999999999999993 0.07000000000000006
0 0.21500000000000002 0.3475 0.12000000000000002 0.20499999999999996
0 0.5175 0.1525 0.29499999999999993 0.295
0 0.05 0.1325 0.1 0.125
0 0.96 0.6325 0.08000000000000007 0.24499999999999988
0 0.37749999999999995 0.785 0.42499999999999993 0.15999999999999992
0 0.9325 0.875 0.10499999999999998 0.25
0 0.49 0.94 0.14999999999999997 0.1200000000000001
0 0.69 0.065 0.15999999999999992 0.13
