0 0.2225 0.8 0.175 0.16
0 0.6525 0.08 0.295 0.16
0 0.3175 0.82 0.175 0.16
0 0.4775 0.7825 0.145 0.185
0 0.5875 0.435 0.175 0.16
0 0.2825 0.245 0.165 0.17
0 0.5675 0.3 0.175 0.16
0 0.0525 0.7775 0.105 0.135
0 0.1825 0.415 0.175 0.16
0 0.6625 0.415 0.175 0.16
0 0.22 0.4925 0.18 0.165
0 0.9575 0.105 0.085 0.13
0 0.3175 0.74 0.175 0.16
0 0.4775 0.5525 0.135 0.185
0 0.24 0.435 0.18 0.16
0 0.675 0.8275 0.13 0.165
0 0.2925 0.5975 0.145 0.175
0 0.6 0.5975 0.17 0.165
0 0.435 0.5175 0.12 0.155
0 0.1625 0.4725 0.175 0.165
0 0.245 0.2075 0.13 0.145
0 0.76 0.915 0.18 0.16
0 0.6725 0.2475 0.135 0.175
0 0.63 0.8675 0.13 0.165
0 0.4825 0.955 0.125 0.09
0 0.2 0.3575 0.18 0.165
0 0.29 0.965 0.12 0.07
0 0.3425 0.085 0.295 0.17
0 0.3575 0.9 0.135 0.16
0 0.0975 0.955 0.125 0.09
0 0.035 0.04 0.07 0.08
0 0.4 0.475 0.14 0.19
0 0.79 0.4075 0.18 0.165
0 0.2525 0.1325 0.135 0.195
0 0.2025 0.1075 0.185 0.165
0 0.2825 0.325 0.135 0.18
0 0.1 0.22 0.16 0.16
0 0.0375 0.3325 0.075 0.125
0 0.0975 0.4225 0.195 0.275
0 0.6625 0.0575 0.145 0.115
0 0.32 0.205 0.14 0.13
0 0.635 0.56 0.14 0.17
0 0.1975 0.905 0.285 0.19
0 0.7125 0.095 0.145 0.17
0 0.055 0.13 0.1 0.15
0 0.4825 0.7125 0.155 0.175
0 0.8775 0.895 0.245 0.21
0 0.21 0.9025 0.14 0.165
0 0.8275 0.365 0.155 0.15
0 0.7925 0.25 0.175 0.17
0 0.905 0.965 0.12 0.07
0 0.19 0.09 0.3 0.18
0 0.4425 0.2425 0.155 0.195
0 0.445 0.8275 0.14 0.145
0 0.0325 0.1325 0.065 0.145
0 0.0375 0.52 0.075 0.22
0 0.1 0.805 0.2 0.3
0 0.5225 0.175 0.155 0.18
0 0.05 0.0325 0.09 0.065
0 0.9275 0.4875 0.145 0.155
0 0.5575 0.0375 0.125 0.075
0 0.9275 0.335 0.145 0.16
0 0.135 0.71 0.15 0.19
0 0.44 0.965 0.13 0.07
0 0.2875 0.4075 0.145 0.185
0 0.175 0.2925 0.17 0.185
0 0.6625 0.91 0.285 0.18
0 0.96 0.9 0.08 0.12
0 0.7525 0.9525 0.145 0.095
0 0.8675 0.555 0.145 0.2
0 0.0375 0.5975 0.075 0.125
0 0.5975 0.9525 0.145 0.095
0 0.1325 0.175 0.165 0.19
0 0.7125 0.035 0.145 0.07
0 0.28 0.0725 0.17 0.145
0 0.94 0.6425 0.12 0.155
0 0.635 0.9625 0.13 0.075
0 0.2175 0.04 0.145 0.08
0 0.2525 0.5575 0.155 0.195
0 0.2875 0.0375 0.135 0.075
0 0.25 0.6375 0.15 0.165
0 0.7125 0.7125 0.175 0.185
0 0.905 0.195 0.19 0.3
0 0.905 0.58 0.19 0.3
0 0.8675 0.71 0.155 0.19
0 0.135 0.9625 0.13 0.075
0 0.4825 0.4825 0.155 0.175
0 0.44 0.0375 0.13 0.075
0 0.9 0.8125 0.2 0.305
0 0.4425 0.17 0.155 0.16
0 0.3625 0.0375 0.135 0.075
0 0.1725 0.0375 0.135 0.075
0 0.6325 0.035 0.145 0.07
0 0.0375 0.21 0.075 0.13
0 0.75 0.5225 0.15 0.155
0 0.905 0.425 0.19 0.29
0 0.825 0.635 0.16 0.19
0 0.4425 0.405 0.155 0.18
0 0.215 0.2525 0.16 0.185
0 0.71 0.96 0.13 0.08
0 0.8275 0.9625 0.125 0.075
0 0.33 0.1375 0.14 0.165
0 0.9525 0.9625 0.085 0.075
0 0.4025 0.29 0.175 0.21
0 0.4475 0.5975 0.175 0.185
0 0.43 0.2675 0.4 0.325
0 0.0575 0.59 0.095 0.16
0 0.365 0.635 0.16 0.19
0 0.0975 0.13 0.135 0.2
0 0.325 0.29 0.15 0.2
0 0.52 0.365 0.16 0.19
0 0.5625 0.2125 0.175 0.185
0 0.825 0.0325 0.14 0.065
0 0.7125 0.4425 0.155 0.195
0 0.04 0.935 0.08 0.13
0 0.4025 0.2075 0.155 0.155
0 0.9575 0.445 0.085 0.13
0 0.485 0.865 0.17 0.16
0 0.7125 0.5975 0.165 0.185
0 0.9575 0.675 0.085 0.13
0 0.9575 0.215 0.085 0.13
0 0.96 0.83 0.08 0.13
0 0.635 0.2875 0.16 0.195
0 0.0575 0.21 0.075 0.13
0 0.56 0.135 0.16 0.19
0 0.9025 0.0375 0.135 0.075
0 0.9575 0.33 0.085 0.13
0 0.095 0.0375 0.14 0.075
0 0.9625 0.5525 0.075 0.145
0 0.04 0.0625 0.08 0.115
0 0.25 0.865 0.19 0.18
0 0.715 0.865 0.17 0.18
0 0.405 0.75 0.16 0.19
0 0.41 0.6725 0.2 0.215
0 0.365 0.9625 0.13 0.075
0 0.2525 0.29 0.135 0.17
0 0.21 0.96 0.13 0.08
0 0.04 0.79 0.08 0.2
0 0.04 0.8675 0.08 0.195
0 0.5225 0.75 0.155 0.17
0 0.955 0.7525 0.09 0.135
0 0.405 0.5575 0.18 0.175
0 0.4775 0.06 0.155 0.11
0 0.955 0.6 0.09 0.13
0 0.06 0.3625 0.12 0.145
0 0.04 0.4425 0.08 0.195
0 0.175 0.635 0.17 0.2
0 0.04 0.6725 0.08 0.145
0 0.7175 0.175 0.205 0.21
0 0.9525 0.065 0.095 0.1
0 0.7275 0.495 0.485 0.38
0 0.2525 0.71 0.165 0.19
0 0.6725 0.75 0.175 0.19
0 0.95 0.93 0.1 0.13
0 0.365 0.19 0.24 0.24
0 0.5575 0.96 0.125 0.08
0 0.815 0.345 0.28 0.29
0 0.325 0.485 0.17 0.19
0 0.7875 0.265 0.425 0.41
0 0.7525 0.285 0.175 0.17
0 0.365 0.2525 0.15 0.165
0 0.0675 0.2725 0.135 0.245
0 0.5025 0.73 0.445 0.4
0 0.14 0.255 0.14 0.17
0 0.485 0.2125 0.15 0.175
0 0.0625 0.52 0.125 0.16
0 0.7325 0.1425 0.445 0.285
0 0.425 0.135 0.48 0.27
0 0.655 0.8625 0.39 0.275
0 0.2675 0.345 0.405 0.36
0 0.52 0.595 0.16 0.19
0 0.825 0.4825 0.17 0.185
0 0.42 0.5025 0.24 0.235
0 0.2075 0.1875 0.415 0.335
0 0.135 0.79 0.19 0.21
0 0.5 0.9275 0.21 0.145
0 0.4225 0.805 0.245 0.21
0 0.73 0.805 0.37 0.35
0 0.4325 0.8875 0.225 0.225
0 0.065 0.095 0.13 0.16
0 0.2175 0.6525 0.435 0.385
0 0.345 0.575 0.4 0.37
0 0.3325 0.9425 0.165 0.095
0 0.7875 0.1 0.195 0.18
0 0.0625 0.1975 0.125 0.195
0 0.575 0.57 0.37 0.34
0 0.42 0.42 0.39 0.33
0 0.5975 0.3675 0.225 0.235
0 0.725 0.5025 0.25 0.225
0 0.655 0.575 0.25 0.25
0 0.94 0.06 0.12 0.12
0 0.6525 0.345 0.395 0.37
0 0.635 0.21 0.22 0.22
0 0.7375 0.0575 0.245 0.115
0 0.1925 0.7375 0.245 0.225
0 0.56 0.555 0.18 0.2
0 0.635 0.67 0.21 0.2
0 0.195 0.275 0.25 0.29
0 0.5025 0.42 0.245 0.24
0 0.42 0.07 0.21 0.14
0 0.1 0.2875 0.16 0.165
0 0.4275 0.9475 0.215 0.105
0 0.715 0.945 0.18 0.11
0 0.4975 0.345 0.335 0.31
0 0.0625 0.945 0.125 0.11
0 0.3625 0.33 0.195 0.16
0 0.3425 0.8075 0.365 0.335
0 0.1925 0.81 0.365 0.32
0 0.805 0.6525 0.39 0.355
0 0.66 0.73 0.29 0.27
0 0.1225 0.9375 0.195 0.125
0 0.3475 0.4225 0.245 0.235
0 0.9275 0.7925 0.145 0.175
0 0.095 0.745 0.17 0.2
0 0.73 0.35 0.24 0.21
0 0.865 0.2525 0.23 0.235
0 0.65 0.19 0.37 0.32
0 0.1925 0.18 0.215 0.26
0 0.5125 0.2 0.255 0.27
0 0.8825 0.94 0.195 0.12
0 0.0725 0.9025 0.145 0.155
0 0.9425 0.95 0.115 0.1
0 0.48 0.29 0.2 0.19
0 0.935 0.8825 0.13 0.205
0 0.5875 0.0625 0.225 0.125
0 0.2625 0.3525 0.245 0.225
0 0.2725 0.9425 0.215 0.115
0 0.8625 0.405 0.205 0.22
0 0.5575 0.825 0.195 0.21
0 0.1925 0.9425 0.205 0.115
0 0.3475 0.575 0.245 0.24
0 0.9325 0.115 0.135 0.2
0 0.065 0.6575 0.13 0.225
0 0.275 0.655 0.24 0.24
0 0.74 0.8025 0.23 0.245
0 0.9375 0.2675 0.125 0.205
0 0.8075 0.9375 0.205 0.125
0 0.3375 0.88 0.235 0.22
0 0.655 0.94 0.21 0.12
0 0.1 0.0625 0.2 0.125
0 0.505 0.655 0.24 0.23
0 0.935 0.4225 0.13 0.215
0 0.0975 0.59 0.165 0.2
0 0.065 0.81 0.13 0.24
0 0.065 0.425 0.13 0.23
0 0.9375 0.19 0.125 0.21
0 0.5575 0.94 0.205 0.12
0 0.9375 0.7325 0.125 0.205
0 0.9375 0.5775 0.125 0.205
0 0.35 0.06 0.23 0.12
0 0.1975 0.0625 0.245 0.125
0 0.265 0.1125 0.26 0.225
0 0.81 0.1825 0.25 0.235
0 0.265 0.495 0.26 0.24
0 0.1875 0.5725 0.265 0.245
0 0.505 0.12 0.22 0.24
0 0.8075 0.73 0.255 0.24
0 0.8075 0.58 0.255 0.22
0 0.885 0.065 0.23 0.11
0 0.5775 0.725 0.235 0.22
0 0.8875 0.6525 0.225 0.225
0 0.27 0.8025 0.25 0.235
0 0.65 0.4225 0.27 0.265
0 0.4225 0.3475 0.245 0.225
0 0.3425 0.7275 0.265 0.255
0 0.58 0.495 0.24 0.24
0 0.7325 0.6525 0.245 0.235
0 0.19 0.4225 0.29 0.285
0 0.1175 0.4975 0.235 0.255
0 0.5775 0.2725 0.275 0.265
0 0.8825 0.8075 0.235 0.225
0 0.1225 0.66 0.235 0.28
0 0.58 0.8875 0.23 0.215
0 0.125 0.345 0.23 0.25
0 0.6575 0.1225 0.245 0.235
0 0.125 0.12 0.25 0.24
0 0.81 0.885 0.25 0.22
0 0.895 0.3375 0.2 0.245
0 0.12 0.885 0.22 0.22
0 0.88 0.1175 0.24 0.235
0 0.89 0.4975 0.21 0.245
