0 0.63 0.095 0.13 0.16
0 0.4025 0.6725 0.115 0.155
0 0.6325 0.215 0.125 0.17
0 0.9625 0.05 0.075 0.1
0 0.5475 0.8925 0.125 0.145
0 0.4725 0.4075 0.145 0.145
0 0.8775 0.7325 0.245 0.345
0 0.9325 0.13 0.115 0.15
0 0.0325 0.6325 0.065 0.145
0 0.47 0.915 0.12 0.14
0 0.74 0.915 0.12 0.14
0 0.0875 0.04 0.125 0.08
0 0.8225 0.32 0.135 0.15
0 0.79 0.2125 0.13 0.175
0 0.3575 0.07 0.155 0.13
0 0.595 0.9575 0.11 0.085
0 0.81 0.895 0.35 0.21
0 0.1225 0.2 0.175 0.16
0 0.44 0.6725 0.11 0.135
0 0.13 0.4775 0.12 0.145
0 0.6625 0.8925 0.165 0.155
0 0.8275 0.9075 0.165 0.135
0 0.0375 0.035 0.075 0.07
0 0.865 0.405 0.13 0.15
0 0.405 0.21 0.13 0.18
0 0.0325 0.9625 0.065 0.075
0 0.71 0.48 0.13 0.16
0 0.2925 0.8275 0.155 0.105
0 0.0675 0.26 0.135 0.14
0 0.405 0.715 0.16 0.11
0 0.4075 0.795 0.155 0.13
0 0.6325 0.3275 0.125 0.115
0 0.68 0.9325 0.12 0.125
0 0.17 0.3675 0.13 0.135
0 0.2475 0.825 0.115 0.15
0 0.335 0.6625 0.17 0.165
0 0.1 0.805 0.2 0.27
0 0.2775 0.9075 0.315 0.185
0 0.64 0.675 0.13 0.15
0 0.71 0.7475 0.12 0.155
0 0.67 0.515 0.13 0.15
0 0.365 0.4775 0.12 0.175
0 0.1125 0.345 0.225 0.34
0 0.4 0.75 0.11 0.12
0 0.17 0.4375 0.14 0.175
0 0.3625 0.7425 0.125 0.145
0 0.865 0.5175 0.13 0.155
0 0.3275 0.135 0.135 0.14
0 0.365 0.325 0.15 0.2
0 0.675 0.7125 0.13 0.165
0 0.2175 0.2175 0.125 0.145
0 0.8225 0.4375 0.135 0.145
0 0.7525 0.0375 0.125 0.075
0 0.745 0.4425 0.12 0.145
0 0.205 0.17 0.15 0.13
0 0.2575 0.7225 0.175 0.165
0 0.175 0.1325 0.12 0.165
0 0.915 0.4275 0.17 0.275
0 0.71 0.5575 0.14 0.155
0 0.7075 0.6675 0.125 0.155
0 0.295 0.625 0.17 0.16
0 0.96 0.79 0.08 0.15
0 0.325 0.79 0.13 0.15
0 0.1725 0.9575 0.125 0.085
0 0.595 0.035 0.12 0.07
0 0.105 0.19 0.21 0.31
0 0.44 0.2525 0.15 0.185
0 0.3475 0.87 0.435 0.26
0 0.8675 0.8675 0.135 0.115
0 0.4775 0.555 0.125 0.11
0 0.965 0.03 0.07 0.06
0 0.0375 0.29 0.075 0.13
0 0.52 0.52 0.13 0.16
0 0.8675 0.7875 0.135 0.175
0 0.9 0.945 0.13 0.09
0 0.8925 0.1975 0.215 0.325
0 0.825 0.035 0.13 0.07
0 0.3975 0.8625 0.135 0.135
0 0.6725 0.825 0.135 0.17
0 0.9625 0.705 0.075 0.12
0 0.5625 0.4075 0.115 0.115
0 0.055 0.475 0.11 0.12
0 0.255 0.035 0.14 0.07
0 0.6 0.135 0.15 0.17
0 0.0375 0.0675 0.075 0.095
0 0.3275 0.035 0.135 0.07
0 0.5225 0.0375 0.135 0.075
0 0.4025 0.035 0.135 0.07
0 0.905 0.825 0.14 0.19
0 0.9 0.04 0.12 0.08
0 0.2075 0.905 0.135 0.14
0 0.4875 0.79 0.145 0.16
0 0.415 0.4175 0.45 0.425
0 0.41 0.4775 0.15 0.115
0 0.21 0.035 0.13 0.07
0 0.1325 0.035 0.135 0.07
0 0.0375 0.7125 0.075 0.105
0 0.5925 0.0575 0.125 0.095
0 0.9675 0.96 0.065 0.08
0 0.7475 0.71 0.125 0.12
0 0.1725 0.67 0.145 0.15
0 0.9025 0.2925 0.135 0.105
0 0.825 0.965 0.14 0.07
0 0.755 0.79 0.16 0.15
0 0.2825 0.1675 0.135 0.155
0 0.3325 0.3675 0.155 0.185
0 0.325 0.52 0.15 0.17
0 0.48 0.035 0.13 0.07
0 0.595 0.8675 0.17 0.225
0 0.365 0.79 0.12 0.11
0 0.5025 0.73 0.345 0.34
0 0.905 0.365 0.13 0.14
0 0.9 0.905 0.14 0.14
0 0.195 0.58 0.35 0.42
0 0.055 0.0325 0.1 0.065
0 0.04 0.1325 0.08 0.135
0 0.04 0.7525 0.08 0.115
0 0.74 0.1275 0.28 0.255
0 0.1725 0.2525 0.155 0.155
0 0.8275 0.25 0.145 0.17
0 0.065 0.6325 0.09 0.135
0 0.7325 0.5725 0.385 0.335
0 0.345 0.7275 0.45 0.365
0 0.9125 0.58 0.175 0.26
0 0.5975 0.635 0.145 0.2
0 0.7075 0.1 0.145 0.14
0 0.04 0.52 0.08 0.11
0 0.965 0.3975 0.07 0.115
0 0.6725 0.635 0.145 0.13
0 0.94 0.0325 0.1 0.065
0 0.9075 0.96 0.125 0.08
0 0.0375 0.9375 0.075 0.115
0 0.9625 0.1325 0.075 0.145
0 0.4475 0.7575 0.125 0.135
0 0.04 0.365 0.08 0.13
0 0.4425 0.3625 0.135 0.145
0 0.06 0.06 0.12 0.12
0 0.5975 0.25 0.155 0.19
0 0.2175 0.48 0.155 0.16
0 0.0975 0.96 0.125 0.08
0 0.595 0.48 0.14 0.15
0 0.4825 0.49 0.145 0.13
0 0.79 0.6775 0.12 0.155
0 0.7925 0.8625 0.165 0.175
0 0.505 0.9075 0.3 0.185
0 0.14 0.5975 0.14 0.125
0 0.56 0.095 0.16 0.16
0 0.445 0.135 0.16 0.18
0 0.405 0.595 0.14 0.12
0 0.6325 0.4025 0.155 0.135
0 0.06 0.575 0.12 0.24
0 0.8025 0.495 0.395 0.31
0 0.58 0.4975 0.35 0.315
0 0.04 0.2125 0.08 0.135
0 0.4825 0.715 0.165 0.11
0 0.635 0.555 0.15 0.16
0 0.8 0.345 0.4 0.38
0 0.18 0.5675 0.14 0.135
0 0.1 0.5575 0.14 0.135
0 0.945 0.785 0.11 0.12
0 0.4825 0.2125 0.165 0.175
0 0.135 0.405 0.16 0.17
0 0.4375 0.8675 0.145 0.175
0 0.6725 0.9575 0.125 0.085
0 0.6 0.71 0.15 0.15
0 0.1 0.71 0.13 0.15
0 0.715 0.865 0.14 0.16
0 0.7525 0.635 0.165 0.17
0 0.0425 0.8275 0.085 0.135
0 0.635 0.9425 0.15 0.115
0 0.56 0.7875 0.17 0.175
0 0.8425 0.805 0.315 0.36
0 0.905 0.71 0.15 0.14
0 0.87 0.6375 0.13 0.175
0 0.79 0.29 0.16 0.17
0 0.6525 0.73 0.325 0.34
0 0.42 0.5 0.22 0.22
0 0.3425 0.925 0.195 0.15
0 0.205 0.2725 0.41 0.365
0 0.06 0.3225 0.12 0.155
0 0.7875 0.3675 0.145 0.155
0 0.58 0.65 0.4 0.3
0 0.5 0.3425 0.37 0.305
0 0.4075 0.2875 0.155 0.165
0 0.215 0.3675 0.17 0.175
0 0.255 0.44 0.15 0.18
0 0.675 0.1775 0.15 0.165
0 0.29 0.0925 0.16 0.155
0 0.75 0.25 0.17 0.18
0 0.365 0.175 0.17 0.18
0 0.185 0.195 0.24 0.22
0 0.66 0.055 0.24 0.11
0 0.15 0.42 0.3 0.31
0 0.565 0.07 0.22 0.14
0 0.8275 0.1725 0.195 0.215
0 0.0675 0.66 0.135 0.16
0 0.5775 0.19 0.355 0.35
0 0.895 0.9425 0.2 0.115
0 0.2 0.13 0.4 0.26
0 0.81 0.6525 0.26 0.265
0 0.56 0.2875 0.17 0.185
0 0.425 0.1925 0.38 0.355
0 0.825 0.0575 0.16 0.105
0 0.285 0.215 0.18 0.17
0 0.675 0.44 0.15 0.15
0 0.7925 0.7475 0.155 0.165
0 0.4425 0.955 0.125 0.09
0 0.7325 0.735 0.225 0.23
0 0.43 0.815 0.23 0.21
0 0.52 0.4425 0.17 0.135
0 0.42 0.735 0.22 0.2
0 0.755 0.515 0.15 0.14
0 0.2875 0.905 0.135 0.14
0 0.9075 0.555 0.145 0.18
0 0.66 0.125 0.22 0.2
0 0.3475 0.2725 0.365 0.335
0 0.965 0.935 0.07 0.11
0 0.2775 0.1975 0.255 0.285
0 0.07 0.74 0.14 0.17
0 0.715 0.2875 0.17 0.165
0 0.6525 0.86 0.385 0.28
0 0.195 0.8575 0.39 0.285
0 0.07 0.5075 0.14 0.155
0 0.1175 0.5 0.205 0.21
0 0.3375 0.7275 0.225 0.205
0 0.2725 0.42 0.335 0.33
0 0.655 0.9225 0.2 0.155
0 0.935 0.7225 0.13 0.185
0 0.58 0.81 0.32 0.32
0 0.07 0.425 0.14 0.19
0 0.2075 0.635 0.155 0.18
0 0.415 0.5875 0.25 0.175
0 0.4175 0.425 0.245 0.18
0 0.575 0.935 0.21 0.13
0 0.655 0.275 0.23 0.21
0 0.3675 0.905 0.125 0.15
0 0.42 0.6575 0.24 0.185
0 0.5225 0.825 0.165 0.17
0 0.325 0.94 0.14 0.12
0 0.8875 0.35 0.195 0.23
0 0.0675 0.095 0.135 0.13
0 0.265 0.8925 0.22 0.195
0 0.5 0.42 0.23 0.23
0 0.5075 0.655 0.235 0.21
0 0.8275 0.7125 0.185 0.165
0 0.8025 0.945 0.215 0.11
0 0.6725 0.3675 0.175 0.175
0 0.8075 0.1925 0.365 0.355
0 0.345 0.89 0.24 0.22
0 0.525 0.6825 0.12 0.195
0 0.8925 0.885 0.205 0.22
0 0.265 0.805 0.24 0.2
0 0.2475 0.2525 0.175 0.185
0 0.79 0.555 0.16 0.19
0 0.1925 0.4225 0.245 0.225
0 0.5075 0.575 0.195 0.22
0 0.0675 0.945 0.135 0.11
0 0.5225 0.3275 0.175 0.175
0 0.1725 0.8275 0.205 0.205
0 0.655 0.6575 0.22 0.225
0 0.79 0.0925 0.17 0.175
0 0.5625 0.5575 0.165 0.165
0 0.1175 0.5825 0.225 0.175
0 0.81 0.4225 0.21 0.225
0 0.1925 0.94 0.205 0.12
0 0.4275 0.345 0.225 0.23
0 0.1225 0.655 0.215 0.21
0 0.7425 0.0575 0.205 0.115
0 0.735 0.58 0.22 0.23
0 0.065 0.9 0.13 0.17
0 0.8075 0.27 0.255 0.27
0 0.945 0.9475 0.11 0.105
0 0.9425 0.27 0.115 0.17
0 0.2725 0.9425 0.185 0.115
0 0.275 0.0525 0.24 0.105
0 0.5175 0.06 0.195 0.11
0 0.175 0.095 0.19 0.17
0 0.9375 0.83 0.125 0.13
0 0.935 0.055 0.13 0.11
0 0.25 0.595 0.17 0.19
0 0.7525 0.1325 0.175 0.175
0 0.665 0.4225 0.23 0.235
0 0.935 0.19 0.13 0.17
0 0.925 0.1 0.15 0.15
0 0.905 0.4375 0.16 0.185
0 0.6375 0.7475 0.195 0.185
0 0.1175 0.9375 0.195 0.125
0 0.0675 0.8175 0.135 0.185
0 0.57 0.195 0.23 0.21
0 0.58 0.505 0.22 0.22
0 0.4425 0.94 0.185 0.12
0 0.945 0.345 0.11 0.17
0 0.1325 0.7525 0.185 0.175
0 0.43 0.06 0.23 0.11
0 0.425 0.19 0.24 0.23
0 0.89 0.06 0.22 0.12
0 0.895 0.5075 0.21 0.245
0 0.0675 0.195 0.135 0.21
0 0.81 0.505 0.23 0.19
0 0.8875 0.2675 0.225 0.215
0 0.3425 0.2725 0.245 0.225
0 0.35 0.115 0.22 0.23
0 0.9425 0.8875 0.115 0.175
0 0.51 0.73 0.2 0.21
0 0.0975 0.3625 0.175 0.195
0 0.125 0.06 0.23 0.12
0 0.9425 0.425 0.115 0.19
0 0.5 0.935 0.19 0.13
0 0.7325 0.345 0.225 0.22
0 0.335 0.5825 0.21 0.225
0 0.9375 0.6525 0.125 0.185
0 0.885 0.735 0.23 0.21
0 0.3375 0.4275 0.225 0.225
0 0.73 0.895 0.26 0.21
0 0.94 0.575 0.12 0.2
0 0.65 0.81 0.24 0.23
0 0.8125 0.8025 0.225 0.235
0 0.73 0.935 0.2 0.13
0 0.5 0.2675 0.23 0.245
0 0.275 0.4975 0.22 0.245
0 0.735 0.1925 0.22 0.225
0 0.585 0.585 0.25 0.24
0 0.9375 0.5 0.125 0.18
0 0.27 0.345 0.23 0.24
0 0.1925 0.74 0.255 0.23
0 0.115 0.12 0.23 0.22
0 0.505 0.89 0.23 0.22
0 0.1125 0.885 0.225 0.23
0 0.1125 0.27 0.225 0.25
0 0.2625 0.655 0.245 0.26
0 0.4975 0.12 0.235 0.23
0 0.8825 0.1225 0.235 0.225
