0 0.885 0.345 0.22 0.23
0 0.575 0.19 0.21 0.23
0 0.5775 0.73 0.215 0.23
0 0.8075 0.42 0.215 0.23
0 0.6525 0.6525 0.215 0.235
0 0.885 0.6525 0.22 0.235
0 0.2675 0.805 0.215 0.23
0 0.8075 0.265 0.215 0.23
0 0.4975 0.65 0.215 0.23
0 0.8825 0.805 0.215 0.23
0 0.6525 0.5 0.215 0.23
0 0.6525 0.885 0.215 0.23
0 0.5775 0.345 0.215 0.23
0 0.8825 0.5 0.215 0.23
0 0.8075 0.8825 0.215 0.225
0 0.6525 0.265 0.215 0.23
0 0.1925 0.42 0.215 0.23
0 0.73 0.73 0.22 0.23
0 0.8075 0.575 0.215 0.23
0 0.4225 0.5 0.215 0.23
0 0.1925 0.8825 0.215 0.225
0 0.4225 0.2675 0.215 0.235
0 0.2675 0.65 0.215 0.23
0 0.4975 0.42 0.215 0.23
0 0.2675 0.5 0.215 0.23
0 0.5 0.115 0.21 0.23
0 0.1925 0.19 0.215 0.23
0 0.4975 0.8825 0.215 0.225
0 0.1925 0.575 0.215 0.23
0 0.6525 0.1125 0.215 0.225
0 0.115 0.6525 0.21 0.235
0 0.4225 0.73 0.215 0.23
0 0.345 0.42 0.21 0.23
0 0.5775 0.575 0.215 0.23
0 0.73 0.345 0.22 0.23
0 0.2675 0.345 0.215 0.23
0 0.3475 0.575 0.215 0.23
0 0.345 0.885 0.21 0.23
0 0.1925 0.73 0.215 0.23
0 0.885 0.115 0.21 0.23
0 0.3475 0.115 0.215 0.23
0 0.115 0.805 0.21 0.23
0 0.115 0.2675 0.21 0.235
0 0.73 0.19 0.21 0.23
0 0.115 0.5 0.21 0.23
0 0.115 0.115 0.21 0.23
