0 0.93 0.885 0.14 0.21
0 0.815 0.1075 0.24 0.215
0 0.7275 0.9325 0.245 0.125
0 0.4275 0.0575 0.225 0.115
0 0.7275 0.5 0.205 0.22
0 0.8875 0.8075 0.225 0.255
0 0.875 0.195 0.25 0.25
0 0.5 0.89 0.24 0.22
0 0.42 0.935 0.24 0.13
0 0.1125 0.1075 0.215 0.215
0 0.34 0.5725 0.24 0.255
0 0.5725 0.8075 0.245 0.265
0 0.1125 0.5825 0.215 0.235
0 0.655 0.885 0.23 0.22
0 0.8825 0.34 0.225 0.25
0 0.2625 0.345 0.255 0.26
0 0.8175 0.27 0.225 0.26
0 0.11 0.195 0.21 0.24
0 0.7225 0.6525 0.235 0.255
0 0.8075 0.8925 0.235 0.215
0 0.6575 0.11 0.245 0.22
0 0.1975 0.425 0.225 0.27
0 0.345 0.885 0.25 0.22
0 0.5825 0.2675 0.215 0.255
0 0.115 0.73 0.23 0.26
