0 0.1875 0.9325 0.255 0.125
0 0.8875 0.1075 0.225 0.205
0 0.6525 0.93 0.235 0.13
0 0.655 0.4175 0.22 0.255
0 0.4975 0.27 0.235 0.25
0 0.7325 0.265 0.225 0.25
0 0.6525 0.6575 0.245 0.255
0 0.4175 0.89 0.245 0.21
0 0.1875 0.345 0.255 0.27
0 0.5025 0.93 0.235 0.14
0 0.88 0.5775 0.24 0.265
0 0.5075 0.1075 0.235 0.215
0 0.1125 0.6525 0.225 0.265
0 0.89 0.885 0.22 0.22
0 0.1225 0.2675 0.205 0.265
0 0.89 0.4225 0.21 0.255
0 0.5725 0.895 0.255 0.21
0 0.1125 0.425 0.225 0.26
0 0.73 0.1075 0.25 0.215
0 0.1125 0.11 0.225 0.22
0 0.115 0.885 0.23 0.23
