0 0.495 0.655 0.26 0.26
0 0.4975 0.93 0.255 0.14
0 0.6475 0.27 0.265 0.28
0 0.5725 0.3475 0.265 0.275
0 0.73 0.065 0.25 0.13
0 0.265 0.93 0.25 0.13
0 0.805 0.81 0.26 0.27
0 0.58 0.065 0.24 0.13
0 0.2675 0.1125 0.275 0.225
0 0.805 0.9325 0.24 0.135
0 0.88 0.5 0.24 0.26
0 0.345 0.19 0.27 0.28
0 0.8825 0.345 0.235 0.26
0 0.42 0.5775 0.25 0.265
0 0.7275 0.89 0.255 0.22
0 0.8725 0.11 0.255 0.22
0 0.34 0.8875 0.26 0.225
0 0.6525 0.1125 0.285 0.225
0 0.1125 0.58 0.225 0.27
0 0.5725 0.8875 0.255 0.225
0 0.4175 0.1125 0.265 0.225
0 0.115 0.73 0.23 0.28
0 0.115 0.27 0.23 0.28
0 0.1125 0.4225 0.225 0.275
0 0.8725 0.8875 0.255 0.225
0 0.115 0.885 0.23 0.23
0 0.115 0.1125 0.23 0.225
