0 0.0975 0.9425 0.185 0.105
0 0.7275 0.345 0.255 0.27
0 0.5 0.4925 0.22 0.225
0 0.88 0.1875 0.24 0.265
0 0.425 0.4275 0.22 0.235
0 0.4925 0.8825 0.235 0.225
0 0.655 0.935 0.22 0.13
0 0.7275 0.4975 0.255 0.255
0 0.58 0.195 0.25 0.28
0 0.735 0.805 0.21 0.24
0 0.575 0.425 0.26 0.28
0 0.73 0.195 0.25 0.26
0 0.1175 0.4125 0.175 0.215
0 0.27 0.1075 0.25 0.215
0 0.5775 0.11 0.215 0.2
0 0.5 0.2725 0.25 0.255
0 0.1125 0.89 0.215 0.22
0 0.805 0.11 0.24 0.22
0 0.115 0.1075 0.21 0.215
0 0.42 0.7275 0.21 0.265
