0 0.27 0.065 0.23 0.12
0 0.5075 0.935 0.215 0.13
0 0.355 0.895 0.19 0.2
0 0.595 0.095 0.17 0.18
0 0.57 0.345 0.22 0.23
0 0.8775 0.19 0.245 0.27
0 0.115 0.06 0.22 0.12
0 0.88 0.3425 0.24 0.255
0 0.4275 0.7325 0.215 0.245
0 0.265 0.9325 0.23 0.135
0 0.58 0.1975 0.23 0.245
0 0.655 0.58 0.24 0.25
0 0.8875 0.575 0.225 0.25
0 0.6525 0.7325 0.265 0.265
0 0.8075 0.2725 0.235 0.255
0 0.5025 0.2675 0.215 0.245
0 0.5725 0.6575 0.255 0.275
0 0.3425 0.505 0.195 0.24
0 0.6575 0.93 0.225 0.14
0 0.8825 0.885 0.235 0.22
0 0.805 0.1125 0.27 0.225
0 0.6525 0.11 0.225 0.22
0 0.12 0.8975 0.2 0.205
