0 0.875 0.585 0.23 0.24
0 0.6575 0.2725 0.235 0.255
0 0.1975 0.1925 0.235 0.265
0 0.265 0.9325 0.23 0.135
0 0.72 0.7275 0.23 0.245
0 0.345 0.7325 0.2 0.235
0 0.8075 0.3475 0.235 0.255
0 0.7225 0.58 0.255 0.27
0 0.4775 0.52 0.195 0.22
0 0.885 0.2675 0.23 0.255
0 0.89 0.1075 0.22 0.215
0 0.28 0.8175 0.22 0.235
0 0.26 0.27 0.23 0.26
0 0.725 0.1925 0.24 0.265
0 0.575 0.11 0.25 0.22
0 0.5075 0.195 0.215 0.24
0 0.655 0.66 0.25 0.26
0 0.11 0.1075 0.21 0.205
0 0.115 0.2675 0.22 0.265
0 0.1175 0.9025 0.215 0.185
0 0.885 0.8825 0.16 0.205
0 0.2025 0.9 0.205 0.19
0 0.6525 0.425 0.215 0.26
0 0.655 0.89 0.16 0.19
0 0.1125 0.42 0.215 0.26
0 0.3375 0.89 0.235 0.21
