0 0.0875 0.655 0.175 0.22
0 0.265 0.8075 0.24 0.265
0 0.19 0.815 0.2 0.23
0 0.105 0.875 0.21 0.13
0 0.19 0.73 0.14 0.18
0 0.2675 0.425 0.225 0.23
0 0.07 0.89 0.14 0.18
0 0.345 0.8125 0.22 0.225
0 0.2675 0.6525 0.245 0.255
0 0.2675 0.505 0.165 0.21
0 0.1875 0.895 0.205 0.16
0 0.9325 0.885 0.135 0.2
0 0.345 0.6525 0.23 0.205
0 0.5 0.075 0.21 0.15
0 0.655 0.73 0.22 0.21
0 0.27 0.075 0.21 0.15
0 0.93 0.07 0.14 0.14
0 0.2725 0.925 0.175 0.15
0 0.1875 0.5075 0.195 0.215
0 0.425 0.4225 0.22 0.225
0 0.93 0.73 0.14 0.21
0 0.07 0.07 0.14 0.14
0 0.885 0.9275 0.2 0.145
0 0.115 0.4975 0.18 0.195
0 0.07 0.4225 0.14 0.215
0 0.3425 0.3525 0.195 0.205
0 0.4975 0.8075 0.205 0.215
0 0.8075 0.07 0.205 0.14
0 0.93 0.1925 0.14 0.215
0 0.345 0.2675 0.2 0.215
0 0.655 0.07 0.21 0.14
0 0.9275 0.345 0.145 0.22
0 0.425 0.07 0.21 0.14
0 0.0675 0.4975 0.135 0.195
0 0.1925 0.07 0.215 0.14
0 0.19 0.42 0.21 0.21
0 0.93 0.58 0.14 0.22
0 0.0675 0.1175 0.135 0.215
0 0.0675 0.27 0.135 0.21
0 0.27 0.725 0.17 0.23
0 0.3425 0.7325 0.175 0.235
0 0.655 0.9275 0.2 0.145
0 0.7325 0.925 0.205 0.15
0 0.1175 0.42 0.205 0.22
0 0.885 0.8075 0.21 0.235
0 0.6525 0.5775 0.205 0.225
0 0.655 0.81 0.2 0.23
0 0.5775 0.7325 0.195 0.205
0 0.8825 0.345 0.215 0.23
0 0.2675 0.345 0.195 0.21
0 0.8075 0.8825 0.205 0.225
0 0.885 0.115 0.22 0.23
0 0.3475 0.9225 0.185 0.155
0 0.3425 0.5775 0.175 0.225
0 0.8075 0.19 0.215 0.23
0 0.345 0.115 0.21 0.23
0 0.805 0.4975 0.21 0.235
0 0.58 0.885 0.2 0.22
0 0.8075 0.73 0.205 0.23
0 0.73 0.8075 0.21 0.225
0 0.5025 0.6575 0.195 0.215
0 0.6525 0.425 0.205 0.23
0 0.58 0.655 0.2 0.21
0 0.1925 0.2725 0.205 0.215
0 0.8825 0.6525 0.205 0.235
0 0.73 0.5775 0.21 0.225
0 0.42 0.5 0.19 0.23
0 0.5 0.8875 0.2 0.215
0 0.73 0.345 0.21 0.23
0 0.5775 0.115 0.205 0.23
0 0.115 0.115 0.21 0.23
0 0.5 0.3475 0.21 0.215
0 0.27 0.195 0.2 0.22
0 0.5025 0.195 0.205 0.22
0 0.4225 0.7325 0.205 0.225
0 0.5025 0.5025 0.195 0.215
0 0.4225 0.8875 0.195 0.225
0 0.115 0.2725 0.2 0.215
0 0.4225 0.1925 0.205 0.225
0 0.655 0.2725 0.2 0.225
0 0.5775 0.3475 0.205 0.225
0 0.5775 0.5 0.205 0.22
0 0.7325 0.115 0.215 0.23
