0 0.2675 0.0775 0.235 0.155
0 0.07 0.19 0.14 0.22
0 0.0725 0.345 0.145 0.22
0 0.0675 0.0675 0.135 0.135
0 0.93 0.8075 0.14 0.215
0 0.7325 0.07 0.205 0.14
0 0.425 0.07 0.2 0.14
0 0.81 0.0675 0.21 0.135
0 0.93 0.925 0.14 0.15
0 0.1925 0.07 0.205 0.14
0 0.5775 0.0675 0.205 0.135
0 0.93 0.6525 0.14 0.215
0 0.9275 0.2675 0.145 0.215
0 0.93 0.115 0.14 0.22
0 0.9275 0.5025 0.145 0.215
0 0.0675 0.575 0.135 0.22
0 0.0675 0.4225 0.135 0.215
0 0.0675 0.8825 0.135 0.215
0 0.065 0.1125 0.13 0.215
0 0.0675 0.73 0.135 0.22
0 0.0675 0.2675 0.135 0.215
0 0.5775 0.925 0.205 0.15
0 0.7325 0.9225 0.205 0.155
0 0.115 0.9225 0.2 0.155
0 0.425 0.9225 0.2 0.155
0 0.27 0.9225 0.2 0.155
0 0.885 0.9225 0.2 0.155
0 0.885 0.345 0.22 0.23
0 0.575 0.19 0.21 0.23
0 0.5775 0.73 0.215 0.23
0 0.8075 0.42 0.215 0.23
0 0.6525 0.6525 0.215 0.235
0 0.885 0.6525 0.22 0.235
0 0.2675 0.805 0.215 0.23
0 0.8075 0.265 0.215 0.23
0 0.4975 0.65 0.215 0.23
0 0.8825 0.805 0.215 0.23
0 0.6525 0.5 0.215 0.23
0 0.6525 0.885 0.215 0.23
0 0.5775 0.345 0.215 0.23
0 0.8825 0.5 0.215 0.23
0 0.8075 0.8825 0.215 0.225
0 0.6525 0.265 0.215 0.23
0 0.1925 0.42 0.215 0.23
0 0.73 0.73 0.22 0.23
0 0.8075 0.575 0.215 0.23
0 0.4225 0.5 0.215 0.23
0 0.1925 0.8825 0.215 0.225
0 0.4225 0.2675 0.215 0.235
0 0.2675 0.65 0.215 0.23
0 0.4975 0.42 0.215 0.23
0 0.2675 0.5 0.215 0.23
0 0.5 0.115 0.21 0.23
0 0.1925 0.19 0.215 0.23
0 0.4975 0.8825 0.215 0.225
0 0.1925 0.575 0.215 0.23
0 0.6525 0.1125 0.215 0.225
0 0.115 0.6525 0.21 0.235
0 0.4225 0.73 0.215 0.23
0 0.345 0.42 0.21 0.23
0 0.5775 0.575 0.215 0.23
0 0.73 0.345 0.22 0.23
0 0.2675 0.345 0.215 0.23
0 0.3475 0.575 0.215 0.23
0 0.345 0.885 0.21 0.23
0 0.1925 0.73 0.215 0.23
0 0.885 0.115 0.21 0.23
0 0.3475 0.115 0.215 0.23
0 0.115 0.805 0.21 0.23
0 0.115 0.2675 0.21 0.235
0 0.73 0.19 0.21 0.23
0 0.115 0.5 0.21 0.23
0 0.115 0.115 0.21 0.23
