0 0.9225 0.4975 0.155 0.265
0 0.625 0.2425 0.03 0.485
0 0.94 0.655 0.12 0.22
0 0.925 0.0875 0.15 0.175
0 0.0825 0.375 0.055 0.69
0 0.925 0.3475 0.15 0.265
0 0.605 0.4575 0.48 0.555
0 0.565 0.9475 0.33 0.035
0 0.485 0.3875 0.04 0.775
0 0.6975 0.1775 0.135 0.355
0 0.925 0.7375 0.15 0.225
0 0.8425 0.8325 0.315 0.265
0 0.3775 0.3325 0.145 0.665
0 0.8175 0.64 0.365 0.04
0 0.88 0.96 0.2 0.07
0 0.89 0.07 0.2 0.14
0 0.005 0.1425 0.01 0.285
0 0.865 0.1825 0.27 0.215
0 0.73 0.3575 0.1 0.385
0 0.1625 0.1175 0.325 0.235
0 0.735 0.0975 0.46 0.195
0 0.7475 0.9225 0.505 0.155
0 0.8775 0.275 0.205 0.26
0 0.875 0.1225 0.18 0.215
0 0.705 0.1425 0.07 0.285
0 0.7675 0.32 0.105 0.27
0 0.8525 0.48 0.145 0.26
0 0.8 0.08 0.21 0.16
0 0.7225 0.9825 0.095 0.035
0 0.8375 0.8625 0.165 0.145
0 0.6525 0.13 0.095 0.26
0 0.875 0.405 0.13 0.34
0 0.575 0.2175 0.85 0.105
0 0.8 0.1325 0.29 0.265
0 0.1725 0.515 0.345 0.7
0 0.8175 0.3825 0.175 0.215
0 0.395 0.9025 0.03 0.195
0 0.7975 0.5775 0.405 0.275
0 0.815 0.4975 0.22 0.085
0 0.74 0.24 0.41 0.48
