0 0.345 0.8075 0.25 0.255
0 0.0675 0.7275 0.135 0.215
0 0.9275 0.1925 0.145 0.215
0 0.0675 0.575 0.135 0.21
0 0.0675 0.4225 0.135 0.215
0 0.0675 0.8825 0.135 0.215
0 0.0675 0.2675 0.135 0.215
0 0.0675 0.1125 0.135 0.215
0 0.655 0.9225 0.21 0.155
0 0.345 0.9225 0.2 0.155
0 0.1925 0.9225 0.205 0.155
0 0.81 0.925 0.21 0.15
0 0.885 0.6525 0.22 0.225
0 0.5 0.925 0.2 0.15
0 0.115 0.9225 0.2 0.155
0 0.805 0.42 0.22 0.23
0 0.8825 0.345 0.225 0.23
0 0.6525 0.73 0.225 0.23
0 0.6525 0.19 0.225 0.23
0 0.73 0.5 0.23 0.23
0 0.6525 0.4225 0.225 0.235
0 0.73 0.345 0.23 0.23
0 0.8825 0.5 0.225 0.23
0 0.5 0.19 0.22 0.23
0 0.8075 0.73 0.225 0.23
0 0.4975 0.73 0.215 0.23
0 0.575 0.8075 0.22 0.235
0 0.73 0.8825 0.22 0.225
0 0.575 0.5775 0.22 0.235
0 0.5 0.4225 0.22 0.235
0 0.8075 0.575 0.225 0.23
0 0.5775 0.345 0.225 0.23
0 0.4225 0.5 0.215 0.23
0 0.73 0.655 0.23 0.23
0 0.7325 0.115 0.215 0.23
0 0.4225 0.8825 0.215 0.225
0 0.4225 0.6525 0.215 0.225
0 0.4225 0.2675 0.215 0.225
0 0.805 0.19 0.22 0.23
0 0.885 0.8825 0.22 0.225
0 0.885 0.115 0.22 0.23
0 0.575 0.115 0.22 0.23
0 0.2675 0.2675 0.215 0.225
0 0.19 0.73 0.21 0.23
0 0.345 0.19 0.22 0.23
0 0.4225 0.1125 0.215 0.225
0 0.1925 0.19 0.215 0.23
0 0.345 0.345 0.22 0.23
0 0.345 0.575 0.21 0.23
0 0.1925 0.575 0.215 0.23
0 0.2675 0.8825 0.215 0.225
0 0.345 0.73 0.21 0.23
0 0.2675 0.65 0.215 0.23
0 0.1925 0.345 0.215 0.23
0 0.2675 0.5 0.215 0.23
0 0.115 0.115 0.21 0.23
0 0.115 0.4975 0.21 0.235
0 0.2675 0.115 0.215 0.23
0 0.115 0.65 0.21 0.23
0 0.115 0.8075 0.21 0.235
0 0.115 0.2675 0.21 0.235
