0 0.93 0.5775 0.14 0.215
0 0.93 0.115 0.14 0.21
0 0.0675 0.4225 0.135 0.215
0 0.0675 0.2675 0.135 0.215
0 0.0675 0.5775 0.135 0.215
0 0.0675 0.8825 0.135 0.215
0 0.0675 0.7275 0.135 0.215
0 0.0675 0.1125 0.135 0.215
0 0.6525 0.9225 0.205 0.155
0 0.8075 0.9225 0.205 0.155
0 0.5 0.9225 0.2 0.155
0 0.2675 0.9225 0.205 0.155
0 0.1925 0.925 0.205 0.15
0 0.8075 0.19 0.215 0.23
0 0.8825 0.42 0.215 0.23
0 0.885 0.2675 0.22 0.235
0 0.8075 0.345 0.215 0.23
0 0.6525 0.805 0.215 0.23
0 0.8075 0.4975 0.215 0.225
0 0.8825 0.575 0.215 0.23
0 0.8825 0.73 0.215 0.23
0 0.6525 0.575 0.215 0.23
0 0.6525 0.42 0.215 0.23
0 0.8825 0.8825 0.215 0.235
0 0.73 0.8825 0.21 0.225
0 0.5775 0.73 0.215 0.23
0 0.5775 0.885 0.215 0.23
0 0.4975 0.42 0.215 0.23
0 0.885 0.115 0.21 0.23
0 0.73 0.65 0.22 0.23
0 0.4225 0.575 0.215 0.23
0 0.8075 0.805 0.215 0.23
0 0.4225 0.265 0.215 0.23
0 0.3475 0.19 0.215 0.23
0 0.4975 0.6525 0.215 0.225
0 0.5775 0.19 0.215 0.23
0 0.1925 0.19 0.215 0.23
0 0.1925 0.42 0.215 0.23
0 0.73 0.265 0.22 0.23
0 0.4975 0.805 0.215 0.23
0 0.73 0.115 0.21 0.23
0 0.4225 0.73 0.215 0.23
0 0.345 0.65 0.22 0.23
0 0.1925 0.65 0.215 0.23
0 0.2675 0.265 0.215 0.23
0 0.27 0.115 0.21 0.23
0 0.1925 0.805 0.215 0.23
0 0.345 0.4975 0.22 0.235
0 0.5775 0.5 0.215 0.23
0 0.4225 0.1125 0.215 0.225
0 0.2675 0.575 0.215 0.23
0 0.2675 0.73 0.215 0.23
0 0.5775 0.345 0.215 0.23
0 0.345 0.345 0.22 0.23
0 0.115 0.2675 0.21 0.235
0 0.345 0.8825 0.21 0.225
0 0.115 0.8825 0.21 0.225
0 0.115 0.115 0.21 0.23
0 0.115 0.73 0.21 0.23
0 0.115 0.4975 0.21 0.235
