0 0.8475 0.245 0.095 0.49
0 0.265 0.225 0.53 0.39
0 0.0725 0.7275 0.145 0.205
0 0.0675 0.9325 0.135 0.135
0 0.0725 0.8075 0.145 0.205
0 0.115 0.885 0.23 0.21
0 0.115 0.93 0.2 0.14
0 0.7975 0.235 0.405 0.47
0 0.38 0.165 0.09 0.33
0 0.7075 0.875 0.485 0.25
0 0.2 0.5675 0.31 0.455
0 0.27 0.8675 0.26 0.175
0 0.2225 0.41 0.245 0.15
0 0.3075 0.92 0.295 0.06
0 0.345 0.8925 0.53 0.175
0 0.325 0.0725 0.65 0.145
0 0.385 0.7725 0.38 0.455
0 0.5125 0.9075 0.975 0.185
0 0.255 0.7675 0.37 0.465
0 0.9125 0.93 0.165 0.14
0 0.4425 0.895 0.295 0.21
0 0.5425 0.86 0.185 0.28
0 0.4625 0.2125 0.725 0.425
