0 0.9 0.0725 0.19 0.145
0 0.0975 0.12 0.195 0.22
0 0.375 0.1725 0.24 0.215
0 0.2175 0.27 0.165 0.19
0 0.5125 0.2425 0.425 0.295
0 0.79 0.365 0.22 0.17
0 0.8275 0.1825 0.335 0.295
0 0.8825 0.4425 0.225 0.255
0 0.075 0.37 0.15 0.39
0 0.5875 0.445 0.265 0.23
0 0.6825 0.5475 0.205 0.195
0 0.345 0.795 0.21 0.31
0 0.4525 0.605 0.205 0.18
0 0.5975 0.81 0.355 0.34
0 0.89 0.7575 0.21 0.215
0 0.21 0.755 0.12 0.25
0 0.4025 0.45 0.135 0.15
0 0.2 0.4375 0.36 0.435
0 0.0825 0.705 0.135 0.18
0 0.48 0.0375 0.26 0.075
0 0.8875 0.8825 0.215 0.195
0 0.235 0.125 0.14 0.2
