0 0.0975 0.9675 0.175 0.065
0 0.1875 0.9975 0.115 0.005
0 0.605 0.6875 0.21 0.145
0 0.5325 0.7725 0.175 0.105
0 0.4375 0.905 0.145 0.16
0 0.6 0.915 0.15 0.13
0 0.81 0.9075 0.17 0.185
0 0.645 0.52 0.17 0.18
0 0.33 0.4975 0.1 0.075
0 0.9225 0.8225 0.105 0.115
0 0.9525 0.95 0.065 0.1
0 0.4675 0.9875 0.125 0.025
0 0.315 0.8975 0.09 0.085
0 0.095 0.84 0.18 0.15
0 0.2125 0.535 0.115 0.11
0 0.07 0.56 0.13 0.12
0 0.025 0.685 0.05 0.13
0 0.31 0.3925 0.3 0.135
0 0.7075 0.325 0.155 0.17
0 0.125 0.395 0.19 0.19
0 0.1075 0.2175 0.205 0.115
0 0.4675 0.205 0.225 0.21
0 0.92 0.24 0.13 0.37
