0 0.0125 0.9425 0.025 0.115
0 0.91 0.335 0.15 0.37
0 0.405 0.2125 0.16 0.095
0 0.05 0.175 0.1 0.15
0 0.3875 0.9 0.155 0.14
0 0.565 0.9325 0.15 0.135
0 0.735 0.9275 0.13 0.125
0 0.8225 0.8 0.205 0.13
0 0.5075 0.7225 0.195 0.185
0 0.575 0.535 0.23 0.2
0 0.76 0.3525 0.13 0.215
0 0.69 0.11 0.15 0.15
0 0.595 0.375 0.18 0.12
0 0.615 0.2625 0.14 0.105
0 0.5675 0.135 0.145 0.16
0 0.155 0.6325 0.21 0.275
0 0.3175 0.5725 0.105 0.185
0 0.3725 0.415 0.225 0.23
0 0.275 0.825 0.06 0.09
0 0.12 0.86 0.24 0.16
0 0.3125 0.72 0.165 0.09
