0 0.0425 0.5725 0.085 0.185
0 0.155 0.935 0.22 0.13
0 0.82 0.61 0.34 0.31
0 0.5025 0.9525 0.145 0.085
0 0.5225 0.6775 0.125 0.135
0 0.37 0.375 0.14 0.16
0 0.4075 0.6075 0.075 0.065
0 0.0225 0.3275 0.035 0.105
0 0.255 0.6775 0.31 0.315
0 0.2125 0.43 0.125 0.13
0 0.085 0.3625 0.1 0.145
0 0.0575 0.2 0.105 0.16
0 0.83 0.0475 0.31 0.095
0 0.51 0.1275 0.14 0.145
0 0.3475 0.1125 0.075 0.085
0 0.21 0.075 0.21 0.15
0 0.22 0.1975 0.13 0.085
0 0.545 0.355 0.07 0.06
0 0.7975 0.2575 0.375 0.385
0 0.22 0.32 0.14 0.08
0 0.4125 0.675 0.055 0.06
