0 0.0675 0.3475 0.135 0.195
0 0.065 0.2675 0.13 0.205
0 0.8075 0.9275 0.195 0.145
0 0.42 0.5775 0.22 0.205
0 0.93 0.0675 0.14 0.135
0 0.07 0.0675 0.14 0.135
0 0.4225 0.735 0.225 0.22
0 0.5 0.7275 0.2 0.205
0 0.3425 0.5 0.225 0.21
0 0.0675 0.73 0.135 0.2
0 0.3475 0.0675 0.205 0.135
0 0.0675 0.9325 0.135 0.135
0 0.425 0.0675 0.21 0.135
0 0.9225 0.425 0.155 0.21
0 0.9275 0.1175 0.145 0.205
0 0.5775 0.07 0.215 0.14
0 0.1925 0.07 0.215 0.14
0 0.0675 0.6525 0.135 0.205
0 0.8075 0.07 0.215 0.14
0 0.4975 0.8075 0.225 0.215
0 0.0675 0.115 0.135 0.21
0 0.0675 0.5 0.135 0.21
0 0.0675 0.8075 0.135 0.205
0 0.27 0.93 0.21 0.14
0 0.81 0.3425 0.21 0.225
0 0.575 0.575 0.21 0.22
0 0.8825 0.27 0.225 0.22
0 0.4975 0.9275 0.205 0.145
0 0.9275 0.1925 0.145 0.205
0 0.73 0.4275 0.22 0.215
0 0.1125 0.9275 0.205 0.145
0 0.6525 0.9275 0.205 0.145
0 0.81 0.5 0.22 0.22
0 0.9275 0.7325 0.145 0.215
0 0.27 0.115 0.22 0.23
0 0.8075 0.8075 0.225 0.225
0 0.9275 0.885 0.145 0.22
0 0.9275 0.5775 0.145 0.225
0 0.575 0.195 0.23 0.22
0 0.265 0.425 0.23 0.22
0 0.7275 0.885 0.225 0.22
0 0.5775 0.7325 0.195 0.215
0 0.805 0.195 0.23 0.22
0 0.8825 0.115 0.215 0.22
0 0.115 0.2675 0.21 0.225
0 0.345 0.1925 0.22 0.225
0 0.575 0.8875 0.22 0.225
0 0.8825 0.4225 0.215 0.235
0 0.3425 0.6575 0.225 0.225
0 0.4225 0.345 0.215 0.23
0 0.1875 0.5 0.225 0.23
0 0.8825 0.885 0.215 0.23
0 0.65 0.8075 0.22 0.235
0 0.3425 0.8075 0.225 0.235
0 0.42 0.885 0.23 0.23
0 0.65 0.5 0.22 0.23
0 0.65 0.3475 0.22 0.235
0 0.265 0.27 0.22 0.24
0 0.4975 0.5 0.215 0.23
0 0.1875 0.195 0.225 0.23
0 0.8025 0.6525 0.225 0.235
0 0.265 0.7325 0.23 0.235
0 0.7275 0.5775 0.225 0.235
0 0.5725 0.4225 0.225 0.235
0 0.19 0.885 0.23 0.23
0 0.495 0.27 0.22 0.23
0 0.4975 0.115 0.225 0.23
0 0.65 0.655 0.22 0.23
0 0.1875 0.655 0.225 0.23
0 0.88 0.5775 0.22 0.235
0 0.2675 0.5775 0.225 0.235
0 0.7275 0.27 0.215 0.23
0 0.725 0.7325 0.22 0.235
0 0.1125 0.1175 0.215 0.235
0 0.7275 0.115 0.215 0.23
0 0.11 0.5775 0.22 0.235
0 0.1125 0.425 0.215 0.23
0 0.1875 0.3475 0.225 0.235
0 0.1125 0.81 0.215 0.23
