0 0.7325 0.505 0.185 0.15
0 0.8075 0.4225 0.205 0.225
0 0.5025 0.9325 0.215 0.135
0 0.93 0.065 0.14 0.13
0 0.7325 0.1925 0.215 0.215
0 0.115 0.885 0.21 0.21
0 0.655 0.65 0.2 0.19
0 0.9325 0.9275 0.135 0.145
0 0.885 0.9275 0.21 0.145
0 0.065 0.8875 0.13 0.195
0 0.9275 0.1925 0.145 0.195
0 0.9325 0.1125 0.135 0.215
0 0.1175 0.0675 0.215 0.135
0 0.575 0.34 0.2 0.2
0 0.9275 0.2675 0.145 0.205
0 0.0675 0.935 0.135 0.13
0 0.2675 0.7325 0.225 0.215
0 0.9325 0.65 0.135 0.2
0 0.4175 0.425 0.215 0.2
0 0.9275 0.3475 0.145 0.205
0 0.4975 0.115 0.205 0.22
0 0.4225 0.0675 0.215 0.135
0 0.07 0.1925 0.14 0.205
0 0.27 0.88 0.2 0.21
0 0.7325 0.07 0.215 0.14
0 0.73 0.5775 0.2 0.215
0 0.6525 0.2725 0.225 0.205
0 0.9275 0.575 0.145 0.2
0 0.93 0.5025 0.14 0.205
0 0.5775 0.07 0.215 0.14
0 0.07 0.6525 0.14 0.205
0 0.5725 0.73 0.205 0.21
0 0.9275 0.4225 0.145 0.195
0 0.0675 0.7325 0.135 0.205
0 0.115 0.1175 0.22 0.205
0 0.4225 0.9275 0.215 0.145
0 0.8075 0.115 0.215 0.21
0 0.73 0.9275 0.21 0.145
0 0.4975 0.885 0.215 0.21
0 0.8075 0.655 0.235 0.2
0 0.1175 0.575 0.205 0.18
0 0.805 0.2675 0.21 0.225
0 0.19 0.8075 0.22 0.215
0 0.7275 0.73 0.215 0.22
0 0.885 0.1925 0.22 0.215
0 0.3425 0.655 0.215 0.21
0 0.115 0.195 0.21 0.2
0 0.5775 0.1925 0.215 0.215
0 0.3425 0.5 0.225 0.22
0 0.19 0.6575 0.23 0.225
0 0.805 0.8875 0.22 0.215
0 0.9275 0.8075 0.145 0.215
0 0.345 0.885 0.22 0.23
0 0.2675 0.3425 0.205 0.215
0 0.8825 0.81 0.225 0.23
0 0.2675 0.5775 0.225 0.235
0 0.65 0.1175 0.22 0.235
0 0.6525 0.885 0.225 0.23
0 0.2675 0.4275 0.235 0.235
0 0.575 0.81 0.22 0.23
0 0.8825 0.3475 0.225 0.225
0 0.19 0.5 0.21 0.24
0 0.1125 0.7325 0.225 0.235
