0 0.2725 0.0675 0.215 0.135
0 0.07 0.065 0.14 0.13
0 0.3475 0.07 0.205 0.14
0 0.0675 0.9325 0.135 0.135
0 0.93 0.9275 0.14 0.145
0 0.115 0.07 0.21 0.14
0 0.5 0.07 0.21 0.14
0 0.0675 0.1925 0.135 0.205
0 0.0675 0.885 0.135 0.21
0 0.6525 0.07 0.215 0.14
0 0.885 0.07 0.21 0.14
0 0.0675 0.5775 0.135 0.205
0 0.0675 0.73 0.135 0.21
0 0.0675 0.345 0.135 0.21
0 0.7275 0.9275 0.205 0.145
0 0.3425 0.9275 0.205 0.145
0 0.8825 0.9275 0.205 0.145
0 0.1125 0.9275 0.205 0.145
0 0.4975 0.9275 0.205 0.145
0 0.9275 0.4225 0.145 0.215
0 0.9275 0.81 0.145 0.22
0 0.9275 0.58 0.145 0.22
0 0.9275 0.27 0.145 0.22
0 0.9275 0.1175 0.145 0.225
0 0.345 0.6575 0.22 0.225
0 0.265 0.5 0.22 0.23
0 0.19 0.1175 0.22 0.235
0 0.7275 0.5025 0.225 0.235
0 0.265 0.3475 0.23 0.235
0 0.8025 0.4225 0.225 0.235
0 0.65 0.425 0.23 0.23
0 0.5725 0.655 0.225 0.23
0 0.4175 0.3475 0.225 0.235
0 0.3425 0.1925 0.225 0.235
0 0.8025 0.6575 0.225 0.235
0 0.6475 0.1925 0.225 0.235
0 0.5725 0.5025 0.225 0.235
0 0.4975 0.425 0.225 0.24
0 0.1875 0.885 0.225 0.23
0 0.7275 0.3475 0.225 0.235
0 0.11 0.1925 0.22 0.235
0 0.6475 0.885 0.225 0.23
0 0.6475 0.5775 0.225 0.235
0 0.8025 0.2725 0.225 0.235
0 0.4175 0.885 0.225 0.23
0 0.7275 0.7325 0.225 0.235
0 0.88 0.5 0.22 0.23
0 0.1875 0.5775 0.225 0.235
0 0.1875 0.27 0.225 0.24
0 0.4975 0.1925 0.225 0.235
0 0.4975 0.5775 0.225 0.235
0 0.5725 0.2725 0.225 0.235
0 0.8775 0.3475 0.225 0.235
0 0.88 0.7325 0.22 0.235
0 0.5725 0.8075 0.225 0.235
0 0.4175 0.7325 0.225 0.235
0 0.3425 0.4225 0.225 0.235
0 0.2625 0.8075 0.225 0.235
0 0.1875 0.7325 0.225 0.235
0 0.8025 0.885 0.225 0.23
0 0.7275 0.1175 0.225 0.235
0 0.42 0.1175 0.22 0.235
0 0.1875 0.4225 0.225 0.235
0 0.8775 0.1925 0.225 0.235
0 0.4175 0.5025 0.225 0.235
0 0.11 0.6525 0.22 0.235
0 0.5725 0.1175 0.225 0.235
0 0.11 0.5025 0.22 0.235
0 0.11 0.3475 0.22 0.235
0 0.11 0.8075 0.22 0.235
