0 0.7275 0.425 0.215 0.2
0 0.0725 0.195 0.145 0.2
0 0.655 0.065 0.21 0.13
0 0.575 0.8075 0.23 0.205
0 0.4175 0.8075 0.235 0.195
0 0.935 0.1125 0.13 0.205
0 0.885 0.73 0.22 0.21
0 0.885 0.1125 0.22 0.215
0 0.9325 0.19 0.135 0.2
0 0.07 0.9325 0.14 0.135
0 0.575 0.4225 0.24 0.225
0 0.5025 0.0675 0.225 0.135
0 0.0725 0.0675 0.145 0.135
0 0.93 0.065 0.14 0.13
0 0.7325 0.0675 0.195 0.135
0 0.65 0.4975 0.21 0.205
0 0.925 0.81 0.15 0.21
0 0.81 0.0675 0.21 0.135
0 0.9275 0.93 0.145 0.14
0 0.345 0.07 0.23 0.14
0 0.19 0.81 0.24 0.22
0 0.345 0.575 0.21 0.22
0 0.655 0.73 0.23 0.22
0 0.115 0.2675 0.21 0.205
0 0.1925 0.9275 0.215 0.145
0 0.0725 0.115 0.145 0.2
0 0.5775 0.115 0.215 0.21
0 0.1875 0.6525 0.225 0.215
0 0.07 0.6525 0.14 0.205
0 0.805 0.9275 0.22 0.145
0 0.8075 0.345 0.205 0.22
0 0.1925 0.07 0.225 0.14
0 0.7325 0.27 0.215 0.21
0 0.5 0.5 0.21 0.22
0 0.9275 0.3475 0.145 0.205
0 0.5 0.345 0.21 0.21
0 0.93 0.4225 0.14 0.205
0 0.5775 0.2675 0.215 0.225
0 0.655 0.575 0.23 0.22
0 0.73 0.19 0.21 0.2
0 0.6525 0.8825 0.215 0.215
0 0.345 0.4225 0.21 0.205
0 0.805 0.7325 0.23 0.235
0 0.655 0.3475 0.21 0.215
0 0.5 0.575 0.22 0.21
0 0.07 0.8075 0.14 0.205
0 0.8875 0.27 0.225 0.21
0 0.7275 0.115 0.195 0.21
0 0.2675 0.885 0.225 0.22
0 0.73 0.6525 0.22 0.225
0 0.8075 0.115 0.205 0.21
0 0.4225 0.6525 0.225 0.225
0 0.2675 0.345 0.215 0.2
0 0.345 0.27 0.22 0.22
0 0.4975 0.1925 0.225 0.225
0 0.4975 0.73 0.225 0.22
0 0.115 0.115 0.23 0.22
0 0.3425 0.7325 0.225 0.225
0 0.73 0.8075 0.22 0.225
0 0.4225 0.115 0.235 0.23
0 0.115 0.73 0.22 0.22
0 0.1925 0.1925 0.225 0.225
0 0.88 0.885 0.23 0.23
0 0.575 0.655 0.23 0.23
0 0.115 0.8825 0.23 0.225
0 0.2675 0.1175 0.235 0.235
