0 0.275 0.805 0.21 0.19
0 0.9325 0.6525 0.135 0.195
0 0.2275 0.5025 0.315 0.565
0 0.075 0.0675 0.15 0.135
0 0.155 0.64 0.31 0.27
0 0.5775 0.7975 0.205 0.215
0 0.4125 0.7125 0.165 0.205
0 0.6575 0.93 0.195 0.14
0 0.4975 0.425 0.185 0.21
0 0.72 0.5725 0.17 0.215
0 0.1175 0.93 0.205 0.14
0 0.07 0.19 0.14 0.19
0 0.575 0.19 0.2 0.25
0 0.19 0.19 0.21 0.2
0 0.6525 0.885 0.205 0.2
0 0.4275 0.2675 0.195 0.225
0 0.07 0.93 0.14 0.14
0 0.7275 0.8025 0.195 0.255
0 0.925 0.0675 0.15 0.135
0 0.4225 0.8 0.185 0.21
0 0.8025 0.575 0.225 0.22
0 0.3475 0.07 0.225 0.14
0 0.575 0.5 0.19 0.19
0 0.0725 0.115 0.145 0.21
0 0.34 0.5775 0.25 0.235
0 0.1925 0.07 0.225 0.14
0 0.885 0.4975 0.23 0.225
0 0.8075 0.07 0.215 0.14
0 0.3475 0.1925 0.215 0.225
0 0.4975 0.8825 0.215 0.205
0 0.73 0.1875 0.21 0.205
0 0.8825 0.575 0.215 0.21
0 0.5025 0.2675 0.195 0.225
0 0.575 0.3475 0.22 0.235
0 0.73 0.5 0.22 0.22
0 0.115 0.115 0.22 0.23
0 0.6525 0.4225 0.225 0.235
0 0.9225 0.27 0.155 0.22
0 0.6525 0.2675 0.225 0.235
0 0.27 0.1175 0.23 0.235
0 0.88 0.3475 0.24 0.215
0 0.805 0.4225 0.24 0.235
0 0.7275 0.3475 0.235 0.235
0 0.805 0.27 0.24 0.24
0 0.8825 0.1175 0.235 0.235
