0 0.1975 0.06 0.225 0.12
0 0.1225 0.0675 0.205 0.135
0 0.0675 0.1925 0.135 0.195
0 0.07 0.115 0.14 0.2
0 0.345 0.5725 0.22 0.205
0 0.65 0.345 0.23 0.2
0 0.93 0.93 0.14 0.14
0 0.5725 0.425 0.235 0.2
0 0.275 0.0675 0.21 0.135
0 0.81 0.07 0.23 0.14
0 0.075 0.8025 0.15 0.215
0 0.9275 0.0675 0.145 0.135
0 0.3425 0.8025 0.215 0.205
0 0.5025 0.3425 0.245 0.205
0 0.8075 0.93 0.215 0.14
0 0.07 0.9275 0.14 0.145
0 0.1175 0.7325 0.235 0.205
0 0.805 0.5 0.23 0.22
0 0.4225 0.9275 0.215 0.145
0 0.655 0.0725 0.22 0.145
0 0.4275 0.07 0.215 0.14
0 0.5775 0.9275 0.215 0.145
0 0.4225 0.6525 0.235 0.225
0 0.9275 0.885 0.145 0.22
0 0.5 0.4975 0.22 0.215
0 0.9275 0.5 0.145 0.22
0 0.345 0.925 0.21 0.15
0 0.6525 0.925 0.215 0.15
0 0.425 0.1175 0.23 0.215
0 0.1925 0.9225 0.215 0.155
0 0.9275 0.115 0.145 0.22
0 0.925 0.655 0.15 0.22
0 0.5025 0.19 0.235 0.23
0 0.575 0.2725 0.23 0.225
0 0.925 0.27 0.15 0.22
0 0.505 0.5775 0.23 0.215
0 0.805 0.655 0.24 0.23
0 0.6525 0.1925 0.235 0.235
0 0.8825 0.3475 0.235 0.225
0 0.5 0.8875 0.24 0.225
0 0.345 0.8825 0.24 0.215
0 0.73 0.5725 0.22 0.225
0 0.58 0.115 0.24 0.23
0 0.8825 0.195 0.235 0.23
0 0.73 0.27 0.23 0.23
0 0.1925 0.8075 0.235 0.225
0 0.8825 0.58 0.235 0.23
0 0.8825 0.81 0.235 0.23
0 0.5775 0.66 0.245 0.24
0 0.7325 0.885 0.245 0.23
0 0.5025 0.735 0.235 0.24
0 0.73 0.7325 0.24 0.235
0 0.4225 0.805 0.245 0.24
0 0.7325 0.1175 0.235 0.235
0 0.5775 0.8125 0.245 0.245
0 0.1175 0.885 0.235 0.23
