0 0.7325 0.805 0.205 0.21
0 0.7325 0.07 0.195 0.14
0 0.81 0.115 0.17 0.21
0 0.07 0.27 0.14 0.19
0 0.0725 0.5775 0.145 0.195
0 0.875 0.265 0.17 0.17
0 0.1975 0.3425 0.205 0.225
0 0.4225 0.425 0.205 0.22
0 0.5825 0.7325 0.225 0.215
0 0.0675 0.9325 0.135 0.135
0 0.07 0.0675 0.14 0.135
0 0.8125 0.0725 0.195 0.145
0 0.07 0.655 0.14 0.2
0 0.1925 0.4975 0.195 0.195
0 0.1925 0.9275 0.205 0.145
0 0.5025 0.655 0.225 0.21
0 0.12 0.2675 0.21 0.215
0 0.07 0.81 0.14 0.2
0 0.0675 0.73 0.135 0.2
0 0.07 0.1925 0.14 0.205
0 0.8875 0.93 0.205 0.14
0 0.0675 0.885 0.135 0.2
0 0.345 0.1125 0.21 0.225
0 0.8825 0.12 0.185 0.24
0 0.3475 0.5 0.215 0.22
0 0.3475 0.925 0.215 0.15
0 0.7325 0.925 0.215 0.15
0 0.2725 0.19 0.215 0.21
0 0.07 0.115 0.14 0.21
0 0.5775 0.925 0.215 0.15
0 0.27 0.07 0.22 0.14
0 0.93 0.115 0.14 0.23
0 0.1175 0.57 0.205 0.21
0 0.1925 0.6525 0.215 0.225
0 0.8125 0.8875 0.225 0.225
0 0.115 0.885 0.22 0.23
0 0.1175 0.73 0.225 0.23
0 0.2675 0.8825 0.225 0.225
0 0.27 0.4225 0.21 0.225
0 0.27 0.5775 0.22 0.225
0 0.5 0.81 0.23 0.22
0 0.19 0.8075 0.22 0.225
0 0.4225 0.5775 0.225 0.225
0 0.1125 0.1125 0.225 0.225
0 0.655 0.885 0.23 0.23
0 0.3475 0.805 0.225 0.23
0 0.425 0.73 0.23 0.23
0 0.27 0.73 0.23 0.23
0 0.425 0.8825 0.23 0.235
0 0.345 0.655 0.23 0.23
0 0.7925 0.255 0.225 0.18
0 0.56 0.265 0.08 0.2
