0 0.345 0.265 0.2 0.22
0 0.7325 0.0625 0.205 0.125
0 0.575 0.73 0.22 0.2
0 0.0675 0.9375 0.135 0.125
0 0.115 0.9275 0.2 0.145
0 0.27 0.93 0.21 0.14
0 0.885 0.5025 0.21 0.195
0 0.5775 0.065 0.215 0.13
0 0.07 0.065 0.14 0.13
0 0.93 0.93 0.14 0.14
0 0.81 0.0675 0.21 0.135
0 0.81 0.925 0.2 0.15
0 0.9275 0.0675 0.145 0.135
0 0.0675 0.1925 0.135 0.195
0 0.5 0.5 0.22 0.23
0 0.0675 0.885 0.135 0.2
0 0.345 0.42 0.22 0.18
0 0.1925 0.4225 0.235 0.235
0 0.0675 0.27 0.135 0.19
0 0.1175 0.0675 0.215 0.135
0 0.07 0.5775 0.14 0.205
0 0.27 0.07 0.22 0.14
0 0.0675 0.7325 0.135 0.205
0 0.345 0.8825 0.22 0.215
0 0.4225 0.07 0.215 0.14
0 0.0675 0.8075 0.135 0.205
0 0.0675 0.115 0.135 0.2
0 0.9275 0.7325 0.145 0.215
0 0.0675 0.655 0.135 0.2
0 0.0675 0.4225 0.135 0.205
0 0.9275 0.27 0.145 0.22
0 0.19 0.1875 0.21 0.205
0 0.3425 0.7325 0.225 0.215
0 0.575 0.1175 0.22 0.215
0 0.7275 0.7325 0.215 0.215
0 0.4225 0.5775 0.225 0.215
0 0.4975 0.6525 0.215 0.215
0 0.115 0.3475 0.21 0.215
0 0.8825 0.3475 0.225 0.225
0 0.2675 0.5 0.225 0.23
0 0.4225 0.1925 0.225 0.225
0 0.575 0.4225 0.22 0.225
0 0.8825 0.58 0.225 0.22
0 0.65 0.655 0.22 0.23
0 0.8075 0.805 0.215 0.22
0 0.7275 0.1925 0.215 0.225
0 0.115 0.655 0.22 0.22
0 0.1875 0.5775 0.225 0.225
0 0.8825 0.73 0.225 0.23
0 0.2675 0.8075 0.225 0.235
0 0.1125 0.115 0.215 0.22
0 0.805 0.27 0.22 0.23
0 0.3425 0.5775 0.225 0.235
0 0.575 0.5775 0.22 0.225
0 0.8025 0.655 0.225 0.23
0 0.7275 0.5 0.225 0.23
0 0.19 0.73 0.22 0.23
0 0.65 0.3475 0.22 0.225
0 0.345 0.1175 0.22 0.225
0 0.805 0.4225 0.22 0.225
0 0.575 0.27 0.22 0.22
0 0.19 0.885 0.22 0.23
0 0.1125 0.81 0.215 0.23
0 0.42 0.345 0.21 0.23
0 0.8825 0.1175 0.215 0.225
0 0.2675 0.655 0.225 0.23
0 0.11 0.5 0.22 0.23
0 0.4975 0.1175 0.225 0.235
0 0.8825 0.8875 0.225 0.225
