0 0.1925 0.73 0.205 0.2
0 0.42 0.815 0.23 0.2
0 0.4225 0.0625 0.205 0.125
0 0.0675 0.9325 0.135 0.135
0 0.4175 0.9275 0.205 0.145
0 0.5 0.7325 0.24 0.205
0 0.265 0.425 0.23 0.21
0 0.345 0.345 0.22 0.2
0 0.5 0.265 0.22 0.2
0 0.195 0.8825 0.2 0.195
0 0.93 0.0675 0.14 0.135
0 0.5775 0.07 0.215 0.14
0 0.115 0.9275 0.21 0.145
0 0.07 0.58 0.14 0.2
0 0.73 0.8075 0.22 0.225
0 0.19 0.93 0.2 0.14
0 0.0675 0.6525 0.135 0.195
0 0.07 0.1175 0.14 0.195
0 0.07 0.1925 0.14 0.205
0 0.8075 0.07 0.215 0.14
0 0.6525 0.885 0.185 0.2
0 0.07 0.4225 0.14 0.205
0 0.19 0.1925 0.23 0.235
0 0.5 0.115 0.2 0.21
0 0.9275 0.5775 0.145 0.215
0 0.4225 0.655 0.225 0.22
0 0.2675 0.9275 0.205 0.145
0 0.0675 0.5 0.135 0.2
0 0.2675 0.27 0.225 0.24
0 0.27 0.805 0.21 0.21
0 0.88 0.885 0.21 0.2
0 0.9275 0.3475 0.145 0.215
0 0.9275 0.1925 0.145 0.215
0 0.6525 0.575 0.215 0.23
0 0.3475 0.5775 0.225 0.225
0 0.8825 0.8075 0.225 0.225
0 0.27 0.655 0.22 0.22
0 0.11 0.1175 0.22 0.225
0 0.88 0.6575 0.23 0.225
0 0.1125 0.575 0.215 0.23
0 0.575 0.655 0.23 0.22
0 0.65 0.73 0.22 0.23
0 0.6525 0.115 0.225 0.23
0 0.805 0.735 0.23 0.23
0 0.885 0.5025 0.23 0.225
0 0.805 0.5775 0.23 0.235
0 0.345 0.73 0.22 0.23
0 0.19 0.5 0.23 0.23
0 0.1875 0.3475 0.225 0.235
0 0.805 0.195 0.23 0.23
0 0.73 0.5025 0.23 0.225
0 0.575 0.1925 0.22 0.215
0 0.1125 0.2725 0.225 0.235
0 0.5 0.58 0.22 0.23
0 0.8825 0.1175 0.225 0.225
0 0.6525 0.345 0.215 0.23
0 0.73 0.6575 0.23 0.235
0 0.7275 0.27 0.225 0.23
0 0.8825 0.27 0.225 0.23
0 0.11 0.4225 0.22 0.235
0 0.3425 0.885 0.225 0.23
0 0.805 0.3475 0.23 0.235
