0 0.42 0.8075 0.26 0.275 0.150307
0 0.1925 0.0625 0.255 0.125 0.152284
0 0.7275 0.4225 0.255 0.265 0.153303
0 0.5775 0.0625 0.245 0.125 0.154609
0 0.6525 0.4975 0.245 0.265 0.154907
0 0.5725 0.9325 0.255 0.135 0.158593
0 0.425 0.9325 0.23 0.135 0.158694
0 0.6525 0.105 0.275 0.21 0.158902
0 0.8125 0.195 0.255 0.27 0.159938
0 0.8025 0.9325 0.255 0.135 0.168238
0 0.3425 0.58 0.255 0.26 0.168948
0 0.7325 0.27 0.245 0.26 0.172394
0 0.265 0.3475 0.26 0.275 0.175132
0 0.7225 0.655 0.265 0.27 0.178771
0 0.88 0.7325 0.24 0.245 0.180005
0 0.8775 0.27 0.245 0.27 0.187125
0 0.5 0.11 0.28 0.22 0.214052
0 0.725 0.8875 0.26 0.225 0.232348
0 0.1125 0.73 0.225 0.26 0.236698
0 0.1125 0.5775 0.215 0.255 0.244161
0 0.345 0.11 0.28 0.22 0.249091
0 0.27 0.885 0.25 0.23 0.24982
0 0.1125 0.345 0.225 0.26 0.255545
0 0.4925 0.8875 0.265 0.225 0.264044
0 0.8725 0.885 0.255 0.23 0.265222
0 0.8725 0.11 0.255 0.22 0.293376
0 0.115 0.885 0.23 0.23 0.305317
0 0.115 0.1125 0.23 0.225 0.342651
