0 0.8825 0.065 0.235 0.13 0.154034
0 0.575 0.7325 0.23 0.245 0.163095
0 0.3475 0.0625 0.235 0.125 0.163879
0 0.73 0.935 0.24 0.13 0.164515
0 0.8775 0.81 0.245 0.26 0.166332
0 0.7325 0.65 0.235 0.25 0.170048
0 0.27 0.8075 0.25 0.265 0.172031
0 0.3325 0.885 0.255 0.22 0.173333
0 0.5 0.935 0.22 0.13 0.174497
0 0.3375 0.7325 0.255 0.265 0.178996
0 0.19 0.42 0.26 0.28 0.183011
0 0.6475 0.425 0.245 0.26 0.189142
0 0.8875 0.2675 0.225 0.245 0.190454
0 0.12 0.0625 0.22 0.125 0.195637
0 0.42 0.3525 0.23 0.235 0.196304
0 0.5775 0.5 0.225 0.25 0.213473
0 0.65 0.1075 0.24 0.215 0.227102
0 0.575 0.27 0.24 0.26 0.228816
0 0.8125 0.11 0.235 0.21 0.236943
0 0.19 0.1025 0.24 0.205 0.240312
0 0.1125 0.7275 0.225 0.285 0.240811
0 0.1175 0.5775 0.215 0.265 0.260432
0 0.8025 0.8875 0.255 0.225 0.275111
0 0.89 0.4225 0.21 0.255 0.309212
0 0.5725 0.8875 0.255 0.225 0.326505
0 0.12 0.3475 0.21 0.265 0.330618
0 0.1175 0.885 0.235 0.23 0.361099
