0 0.1875 0.8075 0.255 0.265 0.151326
0 0.885 0.1875 0.23 0.255 0.153343
0 0.94 0.5 0.12 0.22 0.15648
0 0.1925 0.0625 0.245 0.125 0.161379
0 0.575 0.81 0.25 0.26 0.164284
0 0.7275 0.3475 0.235 0.245 0.169951
0 0.2675 0.9325 0.255 0.125 0.171332
0 0.11 0.42 0.2 0.24 0.17201
0 0.275 0.42 0.21 0.25 0.172199
0 0.4275 0.935 0.225 0.13 0.172275
0 0.9375 0.8825 0.125 0.195 0.176623
0 0.735 0.19 0.22 0.25 0.18852
0 0.5025 0.2675 0.225 0.255 0.194365
0 0.7275 0.93 0.235 0.13 0.198621
0 0.655 0.89 0.24 0.22 0.198726
0 0.27 0.27 0.22 0.25 0.202446
0 0.27 0.655 0.24 0.25 0.211564
0 0.8025 0.89 0.245 0.22 0.213499
0 0.1225 0.7325 0.215 0.255 0.219415
0 0.5825 0.575 0.205 0.24 0.244121
0 0.805 0.1125 0.25 0.225 0.25072
0 0.5 0.1075 0.26 0.215 0.253115
0 0.1125 0.1075 0.225 0.215 0.271156
0 0.11 0.2675 0.22 0.265 0.282891
0 0.115 0.8875 0.23 0.225 0.299683
0 0.4975 0.89 0.255 0.22 0.303617
