0 0.885 0.0625 0.23 0.125 0.150093
0 0.2725 0.1075 0.245 0.215 0.150618
0 0.8825 0.4225 0.235 0.255 0.151458
0 0.805 0.81 0.25 0.26 0.154109
0 0.425 0.9375 0.23 0.125 0.160184
0 0.5 0.575 0.24 0.26 0.160818
0 0.8025 0.27 0.255 0.27 0.162545
0 0.73 0.3475 0.24 0.255 0.168896
0 0.43 0.8125 0.23 0.255 0.169543
0 0.74 0.7275 0.21 0.255 0.171203
0 0.885 0.73 0.23 0.25 0.175615
0 0.4325 0.3475 0.215 0.255 0.176211
0 0.575 0.105 0.25 0.21 0.176873
0 0.3475 0.5025 0.215 0.245 0.177872
0 0.2025 0.7275 0.205 0.235 0.178942
0 0.7275 0.8875 0.245 0.225 0.191894
0 0.5 0.2675 0.24 0.265 0.203665
0 0.345 0.8925 0.25 0.215 0.211543
0 0.1075 0.4225 0.205 0.245 0.214858
0 0.115 0.1025 0.21 0.205 0.220893
0 0.19 0.2675 0.24 0.255 0.225314
0 0.42 0.1075 0.25 0.215 0.232398
0 0.805 0.11 0.27 0.22 0.245331
0 0.575 0.8875 0.25 0.225 0.245554
