0 0.8025 0.4225 0.225 0.235
0 0.65 0.425 0.23 0.23
0 0.5725 0.655 0.225 0.23
0 0.4175 0.3475 0.225 0.235
0 0.3425 0.1925 0.225 0.235
0 0.8025 0.6575 0.225 0.235
0 0.6475 0.1925 0.225 0.235
0 0.5725 0.5025 0.225 0.235
0 0.4975 0.425 0.225 0.24
0 0.1875 0.885 0.225 0.23
0 0.7275 0.3475 0.225 0.235
0 0.11 0.1925 0.22 0.235
0 0.6475 0.885 0.225 0.23
0 0.6475 0.5775 0.225 0.235
0 0.8025 0.2725 0.225 0.235
0 0.4175 0.885 0.225 0.23
0 0.7275 0.7325 0.225 0.235
0 0.88 0.5 0.22 0.23
0 0.1875 0.5775 0.225 0.235
0 0.1875 0.27 0.225 0.24
0 0.4975 0.1925 0.225 0.235
0 0.4975 0.5775 0.225 0.235
0 0.5725 0.2725 0.225 0.235
0 0.8775 0.3475 0.225 0.235
0 0.88 0.7325 0.22 0.235
0 0.5725 0.8075 0.225 0.235
0 0.4175 0.7325 0.225 0.235
0 0.3425 0.4225 0.225 0.235
0 0.2625 0.8075 0.225 0.235
0 0.1875 0.7325 0.225 0.235
0 0.8025 0.885 0.225 0.23
0 0.7275 0.1175 0.225 0.235
0 0.42 0.1175 0.22 0.235
0 0.1875 0.4225 0.225 0.235
0 0.8775 0.1925 0.225 0.235
0 0.4175 0.5025 0.225 0.235
0 0.11 0.6525 0.22 0.235
0 0.5725 0.1175 0.225 0.235
0 0.11 0.5025 0.22 0.235
0 0.11 0.3475 0.22 0.235
0 0.11 0.8075 0.22 0.235
