0 0.4225 0.3475 0.245 0.225 0.153641
0 0.3425 0.7275 0.265 0.255 0.155401
0 0.58 0.495 0.24 0.24 0.157395
0 0.7325 0.6525 0.245 0.235 0.159557
0 0.19 0.4225 0.29 0.285 0.170582
0 0.1175 0.4975 0.235 0.255 0.171273
0 0.5775 0.2725 0.275 0.265 0.180222
0 0.8825 0.8075 0.235 0.225 0.182132
0 0.1225 0.66 0.235 0.28 0.198583
0 0.58 0.8875 0.23 0.215 0.198908
0 0.125 0.345 0.23 0.25 0.202746
0 0.6575 0.1225 0.245 0.235 0.204573
0 0.125 0.12 0.25 0.24 0.210062
0 0.81 0.885 0.25 0.22 0.210176
0 0.895 0.3375 0.2 0.245 0.215964
0 0.12 0.885 0.22 0.22 0.239276
0 0.88 0.1175 0.24 0.235 0.240793
0 0.89 0.4975 0.21 0.245 0.261638
