0 0.73 0.935 0.2 0.13 0.151369
0 0.5 0.2675 0.23 0.245 0.158472
0 0.275 0.4975 0.22 0.245 0.158881
0 0.735 0.1925 0.22 0.225 0.164908
0 0.585 0.585 0.25 0.24 0.170112
0 0.9375 0.5 0.125 0.18 0.17154
0 0.27 0.345 0.23 0.24 0.175514
0 0.1925 0.74 0.255 0.23 0.182719
0 0.115 0.12 0.23 0.22 0.186653
0 0.505 0.89 0.23 0.22 0.200143
0 0.1125 0.885 0.225 0.23 0.204773
0 0.1125 0.27 0.225 0.25 0.225346
0 0.2625 0.655 0.245 0.26 0.231138
0 0.4975 0.12 0.235 0.23 0.236272
0 0.8825 0.1225 0.235 0.225 0.240409
