0 0.345 0.65 0.27 0.27 0.150313
0 0.895 0.5725 0.2 0.225 0.153545
0 0.1175 0.73 0.215 0.23 0.159769
0 0.1175 0.5725 0.215 0.225 0.161243
0 0.5 0.115 0.26 0.23 0.171338
0 0.8875 0.4175 0.225 0.225 0.175522
0 0.5 0.88 0.26 0.23 0.180839
0 0.885 0.7325 0.23 0.215 0.181901
0 0.27 0.8825 0.23 0.215 0.184476
0 0.3475 0.115 0.255 0.23 0.194084
0 0.8825 0.2675 0.235 0.235 0.196034
0 0.1125 0.88 0.215 0.23 0.211928
0 0.1175 0.1175 0.235 0.225 0.224646
0 0.8825 0.88 0.225 0.23 0.22505
0 0.8825 0.1175 0.235 0.225 0.284194
