0 0.4175 0.2625 0.265 0.265 0.164441
0 0.3525 0.8925 0.255 0.215 0.167294
0 0.7275 0.65 0.285 0.28 0.172504
0 0.345 0.49 0.25 0.25 0.173211
0 0.4225 0.4225 0.295 0.285 0.17949
0 0.575 0.1875 0.31 0.275 0.179782
0 0.42 0.73 0.26 0.26 0.182831
0 0.885 0.6475 0.23 0.225 0.186102
0 0.73 0.1175 0.26 0.235 0.192318
0 0.6575 0.73 0.255 0.26 0.19747
0 0.5 0.885 0.26 0.21 0.2242
0 0.8825 0.4975 0.235 0.245 0.225168
0 0.115 0.575 0.22 0.27 0.237361
0 0.885 0.115 0.23 0.21 0.249579
0 0.88 0.265 0.23 0.25 0.25422
0 0.425 0.12 0.27 0.23 0.256267
0 0.885 0.8825 0.22 0.225 0.256316
0 0.115 0.7325 0.23 0.275 0.263876
0 0.12 0.4175 0.24 0.295 0.31972
