0 0.42 0.2675 0.26 0.235 0.151255
0 0.115 0.2675 0.23 0.225 0.152573
0 0.2675 0.42 0.255 0.23 0.155831
0 0.8075 0.265 0.255 0.24 0.158101
0 0.115 0.885 0.22 0.23 0.161602
0 0.2675 0.7225 0.275 0.265 0.162846
0 0.885 0.5725 0.23 0.215 0.174119
0 0.4975 0.34 0.275 0.27 0.178075
0 0.1875 0.65 0.275 0.26 0.179521
0 0.7325 0.5 0.265 0.26 0.187115
0 0.2675 0.1175 0.245 0.225 0.187881
0 0.4225 0.88 0.255 0.23 0.188827
0 0.8825 0.88 0.235 0.23 0.198709
0 0.7325 0.88 0.255 0.22 0.201023
0 0.575 0.1125 0.24 0.225 0.214584
0 0.81 0.115 0.24 0.23 0.216083
0 0.8875 0.4175 0.225 0.225 0.217274
0 0.1175 0.5725 0.235 0.295 0.243792
0 0.1175 0.1175 0.235 0.235 0.304611
