0 0.345 0.2675 0.25 0.265 0.150512
0 0.5025 0.0625 0.245 0.125 0.151959
0 0.1875 0.935 0.255 0.13 0.153017
0 0.575 0.3475 0.24 0.255 0.155373
0 0.195 0.0625 0.25 0.125 0.158273
0 0.875 0.73 0.25 0.26 0.158741
0 0.805 0.5 0.24 0.26 0.15938
0 0.495 0.5 0.26 0.27 0.168264
0 0.73 0.27 0.24 0.27 0.172789
0 0.4175 0.345 0.255 0.27 0.173679
0 0.495 0.735 0.26 0.27 0.174101
0 0.88 0.11 0.24 0.21 0.175648
0 0.8025 0.6575 0.265 0.265 0.175998
0 0.3425 0.9325 0.255 0.135 0.17713
0 0.5725 0.885 0.255 0.23 0.211031
0 0.265 0.89 0.25 0.22 0.212439
0 0.345 0.11 0.28 0.22 0.22417
0 0.5725 0.11 0.265 0.22 0.227888
0 0.73 0.11 0.26 0.22 0.234937
0 0.875 0.8875 0.25 0.225 0.242835
0 0.725 0.8875 0.26 0.225 0.252335
0 0.1125 0.5 0.225 0.27 0.257398
0 0.115 0.7325 0.23 0.275 0.260919
0 0.115 0.345 0.23 0.27 0.298022
0 0.115 0.1125 0.23 0.225 0.305215
0 0.4175 0.8875 0.255 0.225 0.310266
0 0.115 0.885 0.23 0.23 0.335406
