0 0.195 0.0625 0.24 0.125 0.150345
0 0.5825 0.2675 0.225 0.245 0.150722
0 0.8025 0.9325 0.245 0.135 0.151554
0 0.1875 0.9325 0.255 0.125 0.152308
0 0.19 0.1925 0.25 0.265 0.153848
0 0.73 0.7325 0.26 0.265 0.155788
0 0.3475 0.1925 0.255 0.265 0.157576
0 0.2675 0.4225 0.245 0.265 0.16055
0 0.27 0.11 0.26 0.22 0.163417
0 0.5775 0.935 0.235 0.13 0.165528
0 0.495 0.575 0.25 0.26 0.167642
0 0.5 0.8875 0.24 0.225 0.18515
0 0.735 0.1125 0.24 0.225 0.191433
0 0.88 0.1075 0.24 0.215 0.210593
0 0.6575 0.1975 0.245 0.265 0.211726
0 0.1175 0.1075 0.205 0.215 0.216488
0 0.1125 0.42 0.225 0.27 0.223984
0 0.345 0.89 0.25 0.22 0.235944
0 0.115 0.7325 0.23 0.275 0.242959
0 0.4225 0.11 0.265 0.22 0.254514
0 0.115 0.5775 0.23 0.265 0.259223
0 0.875 0.8875 0.25 0.225 0.26664
0 0.65 0.8875 0.26 0.225 0.282846
0 0.1125 0.2725 0.225 0.265 0.29588
0 0.115 0.885 0.23 0.23 0.343253
