0 0.8975 0.42 0.195 0.24 0.150173
0 0.57 0.35 0.26 0.27 0.150408
0 0.73 0.0625 0.25 0.125 0.150936
0 0.2675 0.2775 0.225 0.225 0.151124
0 0.325 0.9 0.2 0.19 0.152926
0 0.8825 0.065 0.235 0.12 0.155986
0 0.2 0.3525 0.23 0.235 0.161624
0 0.5725 0.8975 0.225 0.185 0.171781
0 0.885 0.8075 0.23 0.245 0.176048
0 0.5775 0.1925 0.255 0.265 0.177187
0 0.4175 0.2675 0.255 0.275 0.178079
0 0.88 0.5775 0.24 0.255 0.185294
0 0.7325 0.58 0.255 0.27 0.192311
0 0.3525 0.49 0.195 0.25 0.19279
0 0.6575 0.1125 0.235 0.225 0.218006
0 0.4175 0.4275 0.265 0.275 0.218114
0 0.115 0.7275 0.18 0.235 0.224367
0 0.355 0.725 0.19 0.23 0.225219
0 0.11 0.35 0.22 0.24 0.232742
0 0.805 0.11 0.28 0.22 0.250512
0 0.425 0.6575 0.21 0.235 0.276462
0 0.66 0.655 0.21 0.25 0.284989
0 0.425 0.89 0.24 0.22 0.298171
0 0.4225 0.11 0.255 0.22 0.324185
0 0.875 0.89 0.25 0.22 0.333465
