0 0.7475 0.205 0.195 0.21 0.15457
0 0.5075 0.1975 0.225 0.245 0.160966
0 0.4175 0.4225 0.255 0.275 0.161731
0 0.4925 0.9325 0.245 0.125 0.164677
0 0.495 0.345 0.26 0.27 0.167763
0 0.7975 0.8075 0.275 0.295 0.173795
0 0.8775 0.9325 0.215 0.125 0.178432
0 0.3525 0.935 0.205 0.13 0.189221
0 0.8825 0.3475 0.215 0.235 0.194056
0 0.7375 0.7375 0.205 0.245 0.197334
0 0.3475 0.19 0.215 0.25 0.202344
0 0.6575 0.58 0.225 0.24 0.204903
0 0.1125 0.11 0.205 0.21 0.205083
0 0.415 0.2675 0.27 0.285 0.219275
0 0.27 0.1025 0.2 0.205 0.232721
0 0.345 0.35 0.25 0.27 0.241591
0 0.1075 0.65 0.215 0.26 0.25631
0 0.57 0.1125 0.23 0.215 0.260384
0 0.805 0.2625 0.22 0.245 0.261951
0 0.505 0.655 0.21 0.25 0.263537
0 0.2675 0.4275 0.245 0.255 0.30434
0 0.725 0.885 0.25 0.22 0.332825
0 0.7275 0.5 0.205 0.25 0.346736
0 0.4175 0.8925 0.255 0.215 0.364411
